0	0	0
0	1	0
0	2	0
0	3	0
0	4	0
0	5	0
0	6	0
0	7	0
0	8	0
0	9	0
0	10	0
0	11	0
0	12	0
0	13	0
0	14	0
0	15	0
0	16	0
0	17	0
0	18	0
0	19	0
0	20	0
0	21	0
0	22	0
0	23	0
0	24	0
0	25	0
0	26	0
0	27	0
0	28	0
0	29	0
0	30	0
0	31	0
0	32	0
0	33	0
0	34	0
0	35	0
0	36	0
0	37	0
0	38	0
0	39	0
0	40	0
0	41	0
0	42	0
0	43	0
0	44	0
0	45	0
0	46	0
0	47	0
0	48	0
0	49	0
0	50	0
0	51	0
0	52	0
0	53	0
0	54	0
0	55	0
0	56	0
0	57	0
0	58	0
0	59	0
0	60	0
0	61	0
0	62	0
0	63	0
0	64	0
0	65	0
0	66	0
0	67	0
0	68	0
0	69	0
0	70	0
0	71	0
0	72	0
0	73	0
0	74	0
0	75	0
0	76	0
0	77	0
0	78	0
0	79	0
0	80	0
0	81	0
1	0	0
1	1	0.00106163
1	2	0.0021233
1	3	0.003185
1	4	0.00424669
1	5	0.00530824
1	6	0.00636947
1	7	0.00743007
1	8	0.00848961
1	9	0.00954751
1	10	0.010603
1	11	0.0116553
1	12	0.012703
1	13	0.013745
1	14	0.0147797
1	15	0.0158053
1	16	0.0168197
1	17	0.0178207
1	18	0.018806
1	19	0.0197729
1	20	0.0207186
1	21	0.0216403
1	22	0.022535
1	23	0.0233997
1	24	0.0242314
1	25	0.0250273
1	26	0.0257846
1	27	0.0265007
1	28	0.0271733
1	29	0.0278002
1	30	0.0283796
1	31	0.0289099
1	32	0.0293897
1	33	0.0298181
1	34	0.0301941
1	35	0.0305172
1	36	0.0307869
1	37	0.0310029
1	38	0.0311651
1	39	0.0312733
1	40	0.0313275
1	41	0.0313275
1	42	0.0312735
1	43	0.0311655
1	44	0.0310035
1	45	0.0307875
1	46	0.030518
1	47	0.030195
1	48	0.0298192
1	49	0.029391
1	50	0.0289113
1	51	0.0283812
1	52	0.027802
1	53	0.0271752
1	54	0.0265028
1	55	0.0257869
1	56	0.0250298
1	57	0.024234
1	58	0.0234025
1	59	0.022538
1	60	0.0216435
1	61	0.0207219
1	62	0.0197763
1	63	0.0188096
1	64	0.0178244
1	65	0.0168234
1	66	0.015809
1	67	0.0147834
1	68	0.0137488
1	69	0.0127067
1	70	0.0116588
1	71	0.0106065
1	72	0.00955081
1	73	0.0084927
1	74	0.00743292
1	75	0.00637203
1	76	0.00531047
1	77	0.00424855
1	78	0.00318646
1	79	0.00212431
1	80	0.00106215
1	81	0
2	0	0
2	1	0.0021233
2	2	0.0042467
2	3	0.00637019
2	4	0.00849372
2	5	0.0106171
2	6	0.0127399
2	7	0.0148616
2	8	0.0169813
2	9	0.0190978
2	10	0.0212099
2	11	0.0233154
2	12	0.0254124
2	13	0.027498
2	14	0.0295691
2	15	0.0316223
2	16	0.0336533
2	17	0.0356579
2	18	0.0376311
2	19	0.0395677
2	20	0.041462
2	21	0.0433083
2	22	0.0451007
2	23	0.046833
2	24	0.0484993
2	25	0.0500939
2	26	0.051611
2	27	0.0530457
2	28	0.054393
2	29	0.0556486
2	30	0.056809
2	31	0.0578709
2	32	0.0588316
2	33	0.0596891
2	34	0.0604418
2	35	0.0610884
2	36	0.0616281
2	37	0.0620604
2	38	0.0623849
2	39	0.0626014
2	40	0.0627097
2	41	0.0627098
2	42	0.0626018
2	43	0.0623856
2	44	0.0620614
2	45	0.0616294
2	46	0.06109
2	47	0.0604437
2	48	0.0596913
2	49	0.0588341
2	50	0.0578737
2	51	0.0568122
2	52	0.0556522
2	53	0.0543968
2	54	0.0530499
2	55	0.0516156
2	56	0.0500988
2	57	0.0485046
2	58	0.0468386
2	59	0.0451066
2	60	0.0433146
2	61	0.0414685
2	62	0.0395744
2	63	0.0376381
2	64	0.0356651
2	65	0.0336607
2	66	0.0316296
2	67	0.0295765
2	68	0.0275054
2	69	0.0254197
2	70	0.0233226
2	71	0.0212167
2	72	0.0191044
2	73	0.0169874
2	74	0.0148672
2	75	0.012745
2	76	0.0106215
2	77	0.00849742
2	78	0.00637308
2	79	0.0042487
2	80	0.00212434
2	81	0
3	0	0
3	1	0.003185
3	2	0.00637019
3	3	0.00955564
3	4	0.0127413
3	5	0.0159269
3	6	0.0191119
3	7	0.0222956
3	8	0.0254767
3	9	0.0286535
3	10	0.0318239
3	11	0.0349851
3	12	0.0381339
3	13	0.0412663
3	14	0.0443775
3	15	0.0474623
3	16	0.0505146
3	17	0.0535276
3	18	0.056494
3	19	0.0594058
3	20	0.0622545
3	21	0.0650315
3	22	0.0677275
3	23	0.0703334
3	24	0.0728402
3	25	0.075239
3	26	0.0775212
3	27	0.0796791
3	28	0.0817054
3	29	0.0835936
3	30	0.0853381
3	31	0.0869341
3	32	0.0883778
3	33	0.0896661
3	34	0.0907966
3	35	0.0917676
3	36	0.0925779
3	37	0.0932268
3	38	0.0937138
3	39	0.0940386
3	40	0.0942011
3	41	0.0942013
3	42	0.0940392
3	43	0.0937148
3	44	0.0932283
3	45	0.0925798
3	46	0.0917699
3	47	0.0907994
3	48	0.0896694
3	49	0.0883815
3	50	0.0869383
3	51	0.0853428
3	52	0.0835988
3	53	0.0817111
3	54	0.0796854
3	55	0.077528
3	56	0.0752462
3	57	0.072848
3	58	0.0703417
3	59	0.0677363
3	60	0.0650407
3	61	0.0622642
3	62	0.0594158
3	63	0.0565043
3	64	0.0535382
3	65	0.0505254
3	66	0.0474733
3	67	0.0443886
3	68	0.0412773
3	69	0.0381448
3	70	0.0349957
3	71	0.0318341
3	72	0.0286632
3	73	0.0254858
3	74	0.022304
3	75	0.0191195
3	76	0.0159335
3	77	0.0127468
3	78	0.00955994
3	79	0.00637317
3	80	0.00318654
3	81	0
4	0	0
4	1	0.00424669
4	2	0.00849372
4	3	0.0127413
4	4	0.0169894
4	5	0.0212379
4	6	0.0254861
4	7	0.0297331
4	8	0.0339773
4	9	0.0382165
4	10	0.0424481
4	11	0.0466685
4	12	0.0508732
4	13	0.055057
4	14	0.0592137
4	15	0.0633363
4	16	0.0674165
4	17	0.0714453
4	18	0.0754129
4	19	0.0793084
4	20	0.0831205
4	21	0.0868371
4	22	0.090446
4	23	0.0939346
4	24	0.0972907
4	25	0.100502
4	26	0.103557
4	27	0.106446
4	28	0.109157
4	29	0.111684
4	30	0.114017
4	31	0.116151
4	32	0.118081
4	33	0.119802
4	34	0.121312
4	35	0.122609
4	36	0.123691
4	37	0.124557
4	38	0.125206
4	39	0.12564
4	40	0.125856
4	41	0.125857
4	42	0.12564
4	43	0.125208
4	44	0.124559
4	45	0.123693
4	46	0.122612
4	47	0.121316
4	48	0.119807
4	49	0.118086
4	50	0.116157
4	51	0.114023
4	52	0.111691
4	53	0.109165
4	54	0.106454
4	55	0.103566
4	56	0.100512
4	57	0.097301
4	58	0.0939455
4	59	0.0904575
4	60	0.0868493
4	61	0.0831332
4	62	0.0793216
4	63	0.0754266
4	64	0.0714594
4	65	0.0674308
4	66	0.0633507
4	67	0.0592283
4	68	0.0550715
4	69	0.0508875
4	70	0.0466824
4	71	0.0424616
4	72	0.0382294
4	73	0.0339893
4	74	0.0297442
4	75	0.0254961
4	76	0.0212466
4	77	0.0169967
4	78	0.012747
4	79	0.00849764
4	80	0.00424872
4	81	0
5	0	0
5	1	0.00530824
5	2	0.0106171
5	3	0.0159269
5	4	0.0212379
5	5	0.0265499
5	6	0.0318625
5	7	0.0371744
5	8	0.0424839
5	9	0.0477886
5	10	0.053085
5	11	0.0583689
5	12	0.0636349
5	13	0.0688764
5	14	0.0740859
5	15	0.0792544
5	16	0.0843716
5	17	0.0894263
5	18	0.0944058
5	19	0.0992965
5	20	0.104084
5	21	0.108752
5	22	0.113287
5	23	0.11767
5	24	0.121888
5	25	0.125923
5	26	0.129762
5	27	0.133391
5	28	0.136797
5	29	0.139969
5	30	0.142897
5	31	0.145575
5	32	0.147995
5	33	0.150152
5	34	0.152044
5	35	0.153667
5	36	0.155021
5	37	0.156105
5	38	0.156917
5	39	0.157459
5	40	0.15773
5	41	0.15773
5	42	0.15746
5	43	0.156919
5	44	0.156107
5	45	0.155024
5	46	0.153671
5	47	0.152048
5	48	0.150157
5	49	0.148001
5	50	0.145581
5	51	0.142905
5	52	0.139977
5	53	0.136806
5	54	0.133401
5	55	0.129773
5	56	0.125935
5	57	0.1219
5	58	0.117684
5	59	0.113301
5	60	0.108767
5	61	0.104099
5	62	0.0993128
5	63	0.0944226
5	64	0.0894435
5	65	0.0843892
5	66	0.0792722
5	67	0.0741038
5	68	0.0688943
5	69	0.0636525
5	70	0.0583861
5	71	0.0531017
5	72	0.0478044
5	73	0.0424988
5	74	0.0371881
5	75	0.0318748
5	76	0.0265607
5	77	0.0212469
5	78	0.0159339
5	79	0.0106219
5	80	0.00531075
5	81	0
6	0	0
6	1	0.00636947
6	2	0.0127399
6	3	0.0191119
6	4	0.0254861
6	5	0.0318625
6	6	0.0382406
6	7	0.0446193
6	8	0.0509969
6	9	0.0573704
6	10	0.0637361
6	11	0.070089
6	12	0.0764229
6	13	0.08273
6	14	0.0890012
6	15	0.0952258
6	16	0.101392
6	17	0.107485
6	18	0.11349
6	19	0.11939
6	20	0.125168
6	21	0.130805
6	22	0.13628
6	23	0.141575
6	24	0.146669
6	25	0.151544
6	26	0.15618
6	27	0.160562
6	28	0.164673
6	29	0.1685
6	30	0.172031
6	31	0.175258
6	32	0.178173
6	33	0.18077
6	34	0.183045
6	35	0.184997
6	36	0.186624
6	37	0.187925
6	38	0.188901
6	39	0.189551
6	40	0.189877
6	41	0.189877
6	42	0.189553
6	43	0.188903
6	44	0.187928
6	45	0.186628
6	46	0.185002
6	47	0.183051
6	48	0.180776
6	49	0.17818
6	50	0.175266
6	51	0.17204
6	52	0.168509
6	53	0.164683
6	54	0.160573
6	55	0.156193
6	56	0.151558
6	57	0.146684
6	58	0.141591
6	59	0.136297
6	60	0.130822
6	61	0.125187
6	62	0.119409
6	63	0.11351
6	64	0.107505
6	65	0.101412
6	66	0.0952468
6	67	0.0890223
6	68	0.082751
6	69	0.0764437
6	70	0.0701094
6	71	0.0637558
6	72	0.0573891
6	73	0.0510145
6	74	0.0446355
6	75	0.0382552
6	76	0.0318752
6	77	0.0254967
6	78	0.0191202
6	79	0.0127456
6	80	0.00637244
6	81	0
7	0	0
7	1	0.00743007
7	2	0.0148616
7	3	0.0222956
7	4	0.0297331
7	5	0.0371744
7	6	0.0446193
7	7	0.052067
7	8	0.0595154
7	9	0.0669618
7	10	0.074402
7	11	0.0818303
7	12	0.0892398
7	13	0.0966217
7	14	0.103965
7	15	0.111259
7	16	0.118487
7	17	0.125634
7	18	0.132681
7	19	0.139609
7	20	0.146397
7	21	0.153021
7	22	0.159457
7	23	0.165683
7	24	0.171673
7	25	0.177405
7	26	0.182856
7	27	0.188006
7	28	0.192835
7	29	0.197329
7	30	0.201473
7	31	0.205256
7	32	0.208671
7	33	0.211712
7	34	0.214374
7	35	0.216655
7	36	0.218556
7	37	0.220075
7	38	0.221213
7	39	0.221972
7	40	0.222351
7	41	0.222351
7	42	0.221973
7	43	0.221215
7	44	0.220078
7	45	0.21856
7	46	0.21666
7	47	0.21438
7	48	0.211718
7	49	0.208679
7	50	0.205265
7	51	0.201483
7	52	0.19734
7	53	0.192847
7	54	0.188019
7	55	0.18287
7	56	0.177421
7	57	0.17169
7	58	0.165701
7	59	0.159476
7	60	0.153041
7	61	0.146418
7	62	0.139631
7	63	0.132704
7	64	0.125657
7	65	0.11851
7	66	0.111283
7	67	0.10399
7	68	0.0966458
7	69	0.0892637
7	70	0.0818537
7	71	0.0744245
7	72	0.0669833
7	73	0.0595356
7	74	0.0520856
7	75	0.0446361
7	76	0.037189
7	77	0.0297453
7	78	0.0223051
7	79	0.0148681
7	80	0.00743347
7	81	0
8	0	0
8	1	0.00848961
8	2	0.0169813
8	3	0.0254767
8	4	0.0339773
8	5	0.0424839
8	6	0.0509969
8	7	0.0595154
8	8	0.068038
8	9	0.0765616
8	10	0.0850818
8	11	0.0935929
8	12	0.102087
8	13	0.110554
8	14	0.118983
8	15	0.127359
8	16	0.135666
8	17	0.143885
8	18	0.151995
8	19	0.159972
8	20	0.167792
8	21	0.175427
8	22	0.182849
8	23	0.190029
8	24	0.196939
8	25	0.20355
8	26	0.209836
8	27	0.215772
8	28	0.221337
8	29	0.22651
8	30	0.231277
8	31	0.235626
8	32	0.239547
8	33	0.243035
8	34	0.246085
8	35	0.248697
8	36	0.250871
8	37	0.252607
8	38	0.253908
8	39	0.254774
8	40	0.255207
8	41	0.255207
8	42	0.254775
8	43	0.25391
8	44	0.252611
8	45	0.250875
8	46	0.248703
8	47	0.246092
8	48	0.243042
8	49	0.239556
8	50	0.235636
8	51	0.231288
8	52	0.226522
8	53	0.22135
8	54	0.215787
8	55	0.209852
8	56	0.203568
8	57	0.196958
8	58	0.190049
8	59	0.18287
8	60	0.175449
8	61	0.167815
8	62	0.159997
8	63	0.15202
8	64	0.143911
8	65	0.135692
8	66	0.127386
8	67	0.11901
8	68	0.110581
8	69	0.102114
8	70	0.093619
8	71	0.0851071
8	72	0.0765857
8	73	0.0680606
8	74	0.0595363
8	75	0.0510156
8	76	0.0425003
8	77	0.0339909
8	78	0.0254874
8	79	0.0169886
8	80	0.00849343
8	81	0
9	0	0
9	1	0.00954751
9	2	0.0190978
9	3	0.0286535
9	4	0.0382165
9	5	0.0477886
9	6	0.0573704
9	7	0.0669618
9	8	0.0765616
9	9	0.0861669
9	10	0.0957734
9	11	0.105375
9	12	0.114963
9	13	0.124528
9	14	0.134056
9	15	0.143532
9	16	0.152936
9	17	0.162249
9	18	0.171444
9	19	0.180497
9	20	0.189375
9	21	0.19805
9	22	0.206486
9	23	0.214649
9	24	0.222507
9	25	0.230024
9	26	0.23717
9	27	0.243914
9	28	0.250232
9	29	0.256102
9	30	0.261504
9	31	0.266427
9	32	0.27086
9	33	0.274798
9	34	0.278239
9	35	0.281181
9	36	0.283627
9	37	0.285579
9	38	0.28704
9	39	0.288012
9	40	0.288498
9	41	0.288499
9	42	0.288014
9	43	0.287042
9	44	0.285583
9	45	0.283632
9	46	0.281187
9	47	0.278245
9	48	0.274806
9	49	0.270869
9	50	0.266437
9	51	0.261516
9	52	0.256115
9	53	0.250247
9	54	0.24393
9	55	0.237187
9	56	0.230043
9	57	0.222527
9	58	0.214671
9	59	0.206509
9	60	0.198074
9	61	0.189401
9	62	0.180523
9	63	0.171472
9	64	0.162277
9	65	0.152965
9	66	0.143561
9	67	0.134086
9	68	0.124558
9	69	0.114993
9	70	0.105404
9	71	0.0958012
9	72	0.0861934
9	73	0.0765865
9	74	0.0669848
9	75	0.0573911
9	76	0.0478066
9	77	0.0382316
9	78	0.0286653
9	79	0.019106
9	80	0.00955173
9	81	0
10	0	0
10	1	0.010603
10	2	0.0212099
10	3	0.0318239
10	4	0.0424481
10	5	0.053085
10	6	0.0637361
10	7	0.074402
10	8	0.0850818
10	9	0.0957734
10	10	0.106473
10	11	0.117173
10	12	0.127867
10	13	0.138542
10	14	0.149185
10	15	0.159779
10	16	0.170303
10	17	0.180733
10	18	0.191041
10	19	0.201198
10	20	0.211167
10	21	0.220914
10	22	0.230398
10	23	0.23958
10	24	0.248418
10	25	0.256873
10	26	0.264908
10	27	0.272487
10	28	0.27958
10	29	0.286163
10	30	0.292214
10	31	0.29772
10	32	0.302671
10	33	0.307063
10	34	0.310893
10	35	0.314164
10	36	0.31688
10	37	0.319045
10	38	0.320664
10	39	0.321741
10	40	0.322278
10	41	0.322279
10	42	0.321742
10	43	0.320667
10	44	0.319049
10	45	0.316885
10	46	0.314171
10	47	0.310901
10	48	0.307071
10	49	0.302681
10	50	0.297732
10	51	0.292227
10	52	0.286177
10	53	0.279596
10	54	0.272504
10	55	0.264926
10	56	0.256894
10	57	0.24844
10	58	0.239603
10	59	0.230423
10	60	0.22094
10	61	0.211195
10	62	0.201226
10	63	0.191071
10	64	0.180763
10	65	0.170334
10	66	0.159811
10	67	0.149217
10	68	0.138574
10	69	0.127899
10	70	0.117204
10	71	0.106503
10	72	0.0958022
10	73	0.0851089
10	74	0.0744269
10	75	0.0637586
10	76	0.0531046
10	77	0.0424645
10	78	0.0318367
10	79	0.0212187
10	80	0.0106076
10	81	0
11	0	0
11	1	0.0116553
11	2	0.0233154
11	3	0.0349851
11	4	0.0466685
11	5	0.0583689
11	6	0.070089
11	7	0.0818303
11	8	0.0935929
11	9	0.105375
11	10	0.117173
11	11	0.128982
11	12	0.140791
11	13	0.152592
11	14	0.164367
11	15	0.1761
11	16	0.187767
11	17	0.199342
11	18	0.210794
11	19	0.222089
11	20	0.233187
11	21	0.244045
11	22	0.254618
11	23	0.264858
11	24	0.274717
11	25	0.284148
11	26	0.293105
11	27	0.301549
11	28	0.309443
11	29	0.316759
11	30	0.323474
11	31	0.329573
11	32	0.335046
11	33	0.339892
11	34	0.344111
11	35	0.347707
11	36	0.350688
11	37	0.353061
11	38	0.354833
11	39	0.356011
11	40	0.356599
11	41	0.3566
11	42	0.356013
11	43	0.354836
11	44	0.353065
11	45	0.350693
11	46	0.347714
11	47	0.344118
11	48	0.339901
11	49	0.335057
11	50	0.329584
11	51	0.323487
11	52	0.316774
11	53	0.30946
11	54	0.301567
11	55	0.293125
11	56	0.284169
11	57	0.27474
11	58	0.264882
11	59	0.254644
11	60	0.244072
11	61	0.233216
11	62	0.222119
11	63	0.210826
11	64	0.199374
11	65	0.1878
11	66	0.176134
11	67	0.164401
11	68	0.152626
11	69	0.140825
11	70	0.129015
11	71	0.117205
11	72	0.105406
11	73	0.0936219
11	74	0.0818571
11	75	0.0701132
11	76	0.05839
11	77	0.0466861
11	78	0.0349989
11	79	0.023325
11	80	0.0116602
11	81	0
12	0	0
12	1	0.012703
12	2	0.0254124
12	3	0.0381339
12	4	0.0508732
12	5	0.0636349
12	6	0.0764229
12	7	0.0892398
12	8	0.102087
12	9	0.114963
12	10	0.127867
12	11	0.140791
12	12	0.15373
12	13	0.166669
12	14	0.179596
12	15	0.19249
12	16	0.205327
12	17	0.218078
12	18	0.230709
12	19	0.243181
12	20	0.25545
12	21	0.267465
12	22	0.279174
12	23	0.290521
12	24	0.301448
12	25	0.311899
12	26	0.321821
12	27	0.331165
12	28	0.339889
12	29	0.34796
12	30	0.355354
12	31	0.362054
12	32	0.368053
12	33	0.373352
12	34	0.377954
12	35	0.381869
12	36	0.385108
12	37	0.387681
12	38	0.389601
12	39	0.390876
12	40	0.391511
12	41	0.391512
12	42	0.390877
12	43	0.389604
12	44	0.387685
12	45	0.385113
12	46	0.381876
12	47	0.377962
12	48	0.373361
12	49	0.368064
12	50	0.362066
12	51	0.355367
12	52	0.347975
12	53	0.339906
12	54	0.331183
12	55	0.321841
12	56	0.311921
12	57	0.301471
12	58	0.290546
12	59	0.279201
12	60	0.267494
12	61	0.25548
12	62	0.243213
12	63	0.230742
12	64	0.218112
12	65	0.205362
12	66	0.192525
12	67	0.179632
12	68	0.166706
12	69	0.153765
12	70	0.140827
12	71	0.127901
12	72	0.114996
12	73	0.102118
12	74	0.0892683
12	75	0.0764485
12	76	0.0636573
12	77	0.0508919
12	78	0.0381485
12	79	0.0254225
12	80	0.0127083
12	81	0
13	0	0
13	1	0.013745
13	2	0.027498
13	3	0.0412663
13	4	0.055057
13	5	0.0688764
13	6	0.08273
13	7	0.0966217
13	8	0.110554
13	9	0.124528
13	10	0.138542
13	11	0.152592
13	12	0.166669
13	13	0.180764
13	14	0.194861
13	15	0.20894
13	16	0.222976
13	17	0.236938
13	18	0.250788
13	19	0.264482
13	20	0.27797
13	21	0.291196
13	22	0.304097
13	23	0.316607
13	24	0.328659
13	25	0.340184
13	26	0.351119
13	27	0.361404
13	28	0.370992
13	29	0.379843
13	30	0.387931
13	31	0.39524
13	32	0.401765
13	33	0.407512
13	34	0.412489
13	35	0.416711
13	36	0.420196
13	37	0.42296
13	38	0.425017
13	39	0.426382
13	40	0.427063
13	41	0.427063
13	42	0.426384
13	43	0.42502
13	44	0.422964
13	45	0.420201
13	46	0.416718
13	47	0.412497
13	48	0.407521
13	49	0.401776
13	50	0.395252
13	51	0.387944
13	52	0.379858
13	53	0.371009
13	54	0.361423
13	55	0.351139
13	56	0.340207
13	57	0.328683
13	58	0.316633
13	59	0.304125
13	60	0.291226
13	61	0.278002
13	62	0.264515
13	63	0.250822
13	64	0.236974
13	65	0.223013
13	66	0.208978
13	67	0.194899
13	68	0.180802
13	69	0.166707
13	70	0.152629
13	71	0.138578
13	72	0.124563
13	73	0.110587
13	74	0.0966516
13	75	0.0827569
13	76	0.0689
13	77	0.0550767
13	78	0.0412817
13	79	0.0275086
13	80	0.0137506
13	81	0
14	0	0
14	1	0.0147797
14	2	0.0295691
14	3	0.0443775
14	4	0.0592137
14	5	0.0740859
14	6	0.0890012
14	7	0.103965
14	8	0.118983
14	9	0.134056
14	10	0.149185
14	11	0.164367
14	12	0.179596
14	13	0.194861
14	14	0.210149
14	15	0.225439
14	16	0.240705
14	17	0.255914
14	18	0.271026
14	19	0.285993
14	20	0.300758
14	21	0.315256
14	22	0.329415
14	23	0.343157
14	24	0.356401
14	25	0.369064
14	26	0.381069
14	27	0.392346
14	28	0.402835
14	29	0.412493
14	30	0.42129
14	31	0.429213
14	32	0.436261
14	33	0.442444
14	34	0.447781
14	35	0.452295
14	36	0.456009
14	37	0.458947
14	38	0.461131
14	39	0.462577
14	40	0.463297
14	41	0.463298
14	42	0.462579
14	43	0.461134
14	44	0.458951
14	45	0.456014
14	46	0.452301
14	47	0.447789
14	48	0.442454
14	49	0.436272
14	50	0.429225
14	51	0.421304
14	52	0.412509
14	53	0.402853
14	54	0.392365
14	55	0.38109
14	56	0.369087
14	57	0.356426
14	58	0.343184
14	59	0.329444
14	60	0.315287
14	61	0.30079
14	62	0.286027
14	63	0.271062
14	64	0.255951
14	65	0.240743
14	66	0.225478
14	67	0.210188
14	68	0.194901
14	69	0.179635
14	70	0.164406
14	71	0.149223
14	72	0.134092
14	73	0.119017
14	74	0.103997
14	75	0.0890293
14	76	0.0741105
14	77	0.0592344
14	78	0.0443936
14	79	0.0295803
14	80	0.0147855
14	81	0
15	0	0
15	1	0.0158053
15	2	0.0316223
15	3	0.0474623
15	4	0.0633363
15	5	0.0792544
15	6	0.0952258
15	7	0.111259
15	8	0.127359
15	9	0.143532
15	10	0.159779
15	11	0.1761
15	12	0.19249
15	13	0.20894
15	14	0.225439
15	15	0.241965
15	16	0.258494
15	17	0.274992
15	18	0.291415
15	19	0.307711
15	20	0.323817
15	21	0.33966
15	22	0.355155
15	23	0.37021
15	24	0.384728
15	25	0.398607
15	26	0.411753
15	27	0.424079
15	28	0.435515
15	29	0.446008
15	30	0.455529
15	31	0.464065
15	32	0.471625
15	33	0.478228
15	34	0.483902
15	35	0.488682
15	36	0.492601
15	37	0.495693
15	38	0.497986
15	39	0.499501
15	40	0.500255
15	41	0.500256
15	42	0.499503
15	43	0.497989
15	44	0.495697
15	45	0.492607
15	46	0.488688
15	47	0.48391
15	48	0.478237
15	49	0.471636
15	50	0.464077
15	51	0.455542
15	52	0.446024
15	53	0.435532
15	54	0.424098
15	55	0.411774
15	56	0.39863
15	57	0.384753
15	58	0.370237
15	59	0.355184
15	60	0.339691
15	61	0.32385
15	62	0.307745
15	63	0.291451
15	64	0.275029
15	65	0.258533
15	66	0.242005
15	67	0.225479
15	68	0.208981
15	69	0.19253
15	70	0.176139
15	71	0.159818
15	72	0.143569
15	73	0.127394
15	74	0.111291
15	75	0.095255
15	76	0.0792799
15	77	0.0633577
15	78	0.047479
15	79	0.0316338
15	80	0.0158113
15	81	0
16	0	0
16	1	0.0168197
16	2	0.0336533
16	3	0.0505146
16	4	0.0674165
16	5	0.0843716
16	6	0.101392
16	7	0.118487
16	8	0.135666
16	9	0.152936
16	10	0.170303
16	11	0.187767
16	12	0.205327
16	13	0.222976
16	14	0.240705
16	15	0.258494
16	16	0.27632
16	17	0.294148
16	18	0.311935
16	19	0.329623
16	20	0.347144
16	21	0.364415
16	22	0.381339
16	23	0.397806
16	24	0.413697
16	25	0.428888
16	26	0.443261
16	27	0.456708
16	28	0.469141
16	29	0.480501
16	30	0.490755
16	31	0.499899
16	32	0.50795
16	33	0.514943
16	34	0.520921
16	35	0.525933
16	36	0.530025
16	37	0.533242
16	38	0.535621
16	39	0.537191
16	40	0.537971
16	41	0.537971
16	42	0.537192
16	43	0.535624
16	44	0.533246
16	45	0.53003
16	46	0.525939
16	47	0.520929
16	48	0.514952
16	49	0.50796
16	50	0.49991
16	51	0.490768
16	52	0.480516
16	53	0.469158
16	54	0.456726
16	55	0.443282
16	56	0.428911
16	57	0.413722
16	58	0.397833
16	59	0.381368
16	60	0.364447
16	61	0.347178
16	62	0.329658
16	63	0.311972
16	64	0.294187
16	65	0.27636
16	66	0.258535
16	67	0.240746
16	68	0.223018
16	69	0.205368
16	70	0.187808
16	71	0.170343
16	72	0.152975
16	73	0.135702
16	74	0.11852
16	75	0.101422
16	76	0.084398
16	77	0.0674386
16	78	0.0505318
16	79	0.0336653
16	80	0.0168259
16	81	0
17	0	0
17	1	0.0178207
17	2	0.0356579
17	3	0.0535276
17	4	0.0714453
17	5	0.0894263
17	6	0.107485
17	7	0.125634
17	8	0.143885
17	9	0.162249
17	10	0.180733
17	11	0.199342
17	12	0.218078
17	13	0.236938
17	14	0.255914
17	15	0.274992
17	16	0.294148
17	17	0.313352
17	18	0.332557
17	19	0.351707
17	20	0.370727
17	21	0.389523
17	22	0.407985
17	23	0.425982
17	24	0.443369
17	25	0.459992
17	26	0.475699
17	27	0.490353
17	28	0.503845
17	29	0.516102
17	30	0.527095
17	31	0.536828
17	32	0.545337
17	33	0.552676
17	34	0.55891
17	35	0.564106
17	36	0.568328
17	37	0.571634
17	38	0.57407
17	39	0.575673
17	40	0.576469
17	41	0.57647
17	42	0.575675
17	43	0.574072
17	44	0.571637
17	45	0.568333
17	46	0.564112
17	47	0.558918
17	48	0.552685
17	49	0.545347
17	50	0.53684
17	51	0.527108
17	52	0.516117
17	53	0.503861
17	54	0.490372
17	55	0.47572
17	56	0.460015
17	57	0.443394
17	58	0.426009
17	59	0.408014
17	60	0.389554
17	61	0.37076
17	62	0.351743
17	63	0.332595
17	64	0.31339
17	65	0.294189
17	66	0.275033
17	67	0.255956
17	68	0.23698
17	69	0.21812
17	70	0.199384
17	71	0.180773
17	72	0.162288
17	73	0.143922
17	74	0.125668
17	75	0.107516
17	76	0.0894534
17	77	0.071468
17	78	0.0535453
17	79	0.0356702
17	80	0.0178271
17	81	0
18	0	0
18	1	0.018806
18	2	0.0376311
18	3	0.056494
18	4	0.0754129
18	5	0.0944058
18	6	0.11349
18	7	0.132681
18	8	0.151995
18	9	0.171444
18	10	0.191041
18	11	0.210794
18	12	0.230709
18	13	0.250788
18	14	0.271026
18	15	0.291415
18	16	0.311935
18	17	0.332557
18	18	0.353241
18	19	0.373926
18	20	0.394537
18	21	0.41497
18	22	0.4351
18	23	0.454773
18	24	0.47381
18	25	0.492017
18	26	0.509195
18	27	0.525166
18	28	0.539787
18	29	0.552973
18	30	0.564698
18	31	0.574986
18	32	0.583898
18	33	0.591519
18	34	0.597941
18	35	0.603257
18	36	0.607551
18	37	0.610897
18	38	0.613354
18	39	0.614967
18	40	0.615766
18	41	0.615767
18	42	0.614968
18	43	0.613356
18	44	0.610901
18	45	0.607556
18	46	0.603263
18	47	0.597948
18	48	0.591527
18	49	0.583907
18	50	0.574996
18	51	0.56471
18	52	0.552987
18	53	0.539803
18	54	0.525183
18	55	0.509215
18	56	0.492039
18	57	0.473834
18	58	0.454799
18	59	0.435129
18	60	0.415001
18	61	0.39457
18	62	0.373962
18	63	0.353278
18	64	0.332596
18	65	0.311975
18	66	0.291456
18	67	0.271069
18	68	0.250831
18	69	0.230752
18	70	0.210837
18	71	0.191083
18	72	0.171484
18	73	0.152033
18	74	0.132716
18	75	0.113521
18	76	0.0944334
18	77	0.0754361
18	78	0.0565121
18	79	0.0376437
18	80	0.0188125
18	81	0
19	0	0
19	1	0.0197729
19	2	0.0395677
19	3	0.0594058
19	4	0.0793084
19	5	0.0992965
19	6	0.11939
19	7	0.139609
19	8	0.159972
19	9	0.180497
19	10	0.201198
19	11	0.222089
19	12	0.243181
19	13	0.264482
19	14	0.285993
19	15	0.307711
19	16	0.329623
19	17	0.351707
19	18	0.373926
19	19	0.396226
19	20	0.418528
19	21	0.440726
19	22	0.462678
19	23	0.484204
19	24	0.505086
19	25	0.525074
19	26	0.543903
19	27	0.561331
19	28	0.577167
19	29	0.59131
19	30	0.603742
19	31	0.614522
19	32	0.623753
19	33	0.631563
19	34	0.638082
19	35	0.643433
19	36	0.647726
19	37	0.651053
19	38	0.653485
19	39	0.655078
19	40	0.655865
19	41	0.655866
19	42	0.655079
19	43	0.653488
19	44	0.651056
19	45	0.647731
19	46	0.643438
19	47	0.638088
19	48	0.63157
19	49	0.623762
19	50	0.614532
19	51	0.603754
19	52	0.591323
19	53	0.577182
19	54	0.561347
19	55	0.543922
19	56	0.525095
19	57	0.50511
19	58	0.48423
19	59	0.462706
19	60	0.440756
19	61	0.418561
19	62	0.396261
19	63	0.373964
19	64	0.351746
19	65	0.329664
19	66	0.307753
19	67	0.286036
19	68	0.264525
19	69	0.243225
19	70	0.222132
19	71	0.201239
19	72	0.180537
19	73	0.160011
19	74	0.139645
19	75	0.119422
19	76	0.0993246
19	77	0.079332
19	78	0.0594242
19	79	0.0395805
19	80	0.0197795
19	81	0
20	0	0
20	1	0.0207186
20	2	0.041462
20	3	0.0622545
20	4	0.0831205
20	5	0.104084
20	6	0.125168
20	7	0.146397
20	8	0.167792
20	9	0.189375
20	10	0.211167
20	11	0.233187
20	12	0.25545
20	13	0.27797
20	14	0.300758
20	15	0.323817
20	16	0.347144
20	17	0.370727
20	18	0.394537
20	19	0.418528
20	20	0.442629
20	21	0.466731
20	22	0.490685
20	23	0.514284
20	24	0.537261
20	25	0.559292
20	26	0.580018
20	27	0.59909
20	28	0.616246
20	29	0.631359
20	30	0.644442
20	31	0.65561
20	32	0.665034
20	33	0.672901
20	34	0.679392
20	35	0.68467
20	36	0.688871
20	37	0.692106
20	38	0.69446
20	39	0.695996
20	40	0.696754
20	41	0.696754
20	42	0.695997
20	43	0.694462
20	44	0.692109
20	45	0.688875
20	46	0.684675
20	47	0.679398
20	48	0.672908
20	49	0.665042
20	50	0.65562
20	51	0.644453
20	52	0.631371
20	53	0.61626
20	54	0.599106
20	55	0.580035
20	56	0.559312
20	57	0.537283
20	58	0.514309
20	59	0.490712
20	60	0.466761
20	61	0.442661
20	62	0.418563
20	63	0.394573
20	64	0.370765
20	65	0.347185
20	66	0.323859
20	67	0.300801
20	68	0.278014
20	69	0.255493
20	70	0.23323
20	71	0.21121
20	72	0.189416
20	73	0.167831
20	74	0.146433
20	75	0.125201
20	76	0.104112
20	77	0.0831443
20	78	0.0622732
20	79	0.041475
20	80	0.0207254
20	81	0
21	0	0
21	1	0.0216403
21	2	0.0433083
21	3	0.0650315
21	4	0.0868371
21	5	0.108752
21	6	0.130805
21	7	0.153021
21	8	0.175427
21	9	0.19805
21	10	0.220914
21	11	0.244045
21	12	0.267465
21	13	0.291196
21	14	0.315256
21	15	0.33966
21	16	0.364415
21	17	0.389523
21	18	0.41497
21	19	0.440726
21	20	0.466731
21	21	0.49289
21	22	0.519051
21	23	0.54499
21	24	0.570386
21	25	0.594821
21	26	0.617788
21	27	0.63877
21	28	0.657371
21	29	0.673441
21	30	0.68706
21	31	0.698446
21	32	0.707874
21	33	0.715617
21	34	0.72192
21	35	0.726987
21	36	0.730984
21	37	0.734041
21	38	0.736255
21	39	0.737694
21	40	0.738403
21	41	0.738404
21	42	0.737695
21	43	0.736257
21	44	0.734044
21	45	0.730988
21	46	0.726991
21	47	0.721925
21	48	0.715623
21	49	0.707881
21	50	0.698455
21	51	0.687069
21	52	0.673452
21	53	0.657383
21	54	0.638784
21	55	0.617804
21	56	0.594839
21	57	0.570407
21	58	0.545013
21	59	0.519077
21	60	0.492919
21	61	0.466763
21	62	0.440759
21	63	0.415006
21	64	0.389561
21	65	0.364455
21	66	0.339701
21	67	0.315299
21	68	0.291239
21	69	0.267509
21	70	0.244088
21	71	0.220956
21	72	0.198091
21	73	0.175466
21	74	0.153057
21	75	0.130837
21	76	0.108781
21	77	0.0868612
21	78	0.0650503
21	79	0.0433214
21	80	0.0216471
21	81	0
22	0	0
22	1	0.022535
22	2	0.0451007
22	3	0.0677275
22	4	0.090446
22	5	0.113287
22	6	0.13628
22	7	0.159457
22	8	0.182849
22	9	0.206486
22	10	0.230398
22	11	0.254618
22	12	0.279174
22	13	0.304097
22	14	0.329415
22	15	0.355155
22	16	0.381339
22	17	0.407985
22	18	0.4351
22	19	0.462678
22	20	0.490685
22	21	0.519051
22	22	0.547645
22	23	0.57624
22	24	0.604478
22	25	0.631821
22	26	0.657546
22	27	0.680834
22	28	0.70103
22	29	0.717978
22	30	0.731913
22	31	0.743243
22	32	0.752402
22	33	0.759777
22	34	0.765685
22	35	0.770376
22	36	0.774041
22	37	0.776823
22	38	0.778827
22	39	0.780125
22	40	0.780764
22	41	0.780764
22	42	0.780126
22	43	0.778829
22	44	0.776825
22	45	0.774043
22	46	0.770379
22	47	0.765689
22	48	0.759782
22	49	0.752408
22	50	0.74325
22	51	0.731921
22	52	0.717988
22	53	0.701041
22	54	0.680847
22	55	0.65756
22	56	0.631837
22	57	0.604497
22	58	0.576262
22	59	0.54767
22	60	0.519079
22	61	0.490715
22	62	0.462711
22	63	0.435136
22	64	0.408023
22	65	0.381379
22	66	0.355196
22	67	0.329458
22	68	0.30414
22	69	0.279217
22	70	0.254661
22	71	0.230441
22	72	0.206527
22	73	0.182888
22	74	0.159494
22	75	0.136313
22	76	0.113316
22	77	0.0904702
22	78	0.0677465
22	79	0.0451138
22	80	0.0225418
22	81	0
23	0	0
23	1	0.0233997
23	2	0.046833
23	3	0.0703334
23	4	0.0939346
23	5	0.11767
23	6	0.141575
23	7	0.165683
23	8	0.190029
23	9	0.214649
23	10	0.23958
23	11	0.264858
23	12	0.290521
23	13	0.316607
23	14	0.343157
23	15	0.37021
23	16	0.397806
23	17	0.425982
23	18	0.454773
23	19	0.484204
23	20	0.514284
23	21	0.54499
23	22	0.57624
23	23	0.607853
23	24	0.639467
23	25	0.670441
23	26	0.699744
23	27	0.725993
23	28	0.747939
23	29	0.765531
23	30	0.779373
23	31	0.790213
23	32	0.798717
23	33	0.805405
23	34	0.810669
23	35	0.814792
23	36	0.817981
23	37	0.820385
23	38	0.822107
23	39	0.823218
23	40	0.823764
23	41	0.823764
23	42	0.823219
23	43	0.822108
23	44	0.820386
23	45	0.817984
23	46	0.814795
23	47	0.810672
23	48	0.80541
23	49	0.798722
23	50	0.790219
23	51	0.779379
23	52	0.765539
23	53	0.747948
23	54	0.726004
23	55	0.699757
23	56	0.670456
23	57	0.639485
23	58	0.607873
23	59	0.576264
23	60	0.545016
23	61	0.514313
23	62	0.484236
23	63	0.454808
23	64	0.426019
23	65	0.397845
23	66	0.370251
23	67	0.343199
23	68	0.31665
23	69	0.290564
23	70	0.264901
23	71	0.239622
23	72	0.21469
23	73	0.190068
23	74	0.165719
23	75	0.141608
23	76	0.117699
23	77	0.093959
23	78	0.0703525
23	79	0.0468462
23	80	0.0234065
23	81	0
24	0	0
24	1	0.0242314
24	2	0.0484993
24	3	0.0728402
24	4	0.0972907
24	5	0.121888
24	6	0.146669
24	7	0.171673
24	8	0.196939
24	9	0.222507
24	10	0.248418
24	11	0.274717
24	12	0.301448
24	13	0.328659
24	14	0.356401
24	15	0.384728
24	16	0.413697
24	17	0.443369
24	18	0.47381
24	19	0.505086
24	20	0.537261
24	21	0.570386
24	22	0.604478
24	23	0.639467
24	24	0.6751
24	25	0.710734
24	26	0.745
24	27	0.775456
24	28	0.799205
24	29	0.816835
24	30	0.829835
24	31	0.839522
24	32	0.846848
24	33	0.852461
24	34	0.856795
24	35	0.860144
24	36	0.862709
24	37	0.864629
24	38	0.865998
24	39	0.866879
24	40	0.86731
24	41	0.867311
24	42	0.86688
24	43	0.865999
24	44	0.864631
24	45	0.862711
24	46	0.860146
24	47	0.856797
24	48	0.852464
24	49	0.846852
24	50	0.839527
24	51	0.829841
24	52	0.816841
24	53	0.799212
24	54	0.775465
24	55	0.745011
24	56	0.710748
24	57	0.675116
24	58	0.639486
24	59	0.6045
24	60	0.570411
24	61	0.537289
24	62	0.505117
24	63	0.473844
24	64	0.443405
24	65	0.413735
24	66	0.384768
24	67	0.356442
24	68	0.328701
24	69	0.301491
24	70	0.27476
24	71	0.24846
24	72	0.222548
24	73	0.196978
24	74	0.17171
24	75	0.146702
24	76	0.121917
24	77	0.0973151
24	78	0.0728593
24	79	0.0485126
24	80	0.0242383
24	81	0
25	0	0
25	1	0.0250273
25	2	0.0500939
25	3	0.075239
25	4	0.100502
25	5	0.125923
25	6	0.151544
25	7	0.177405
25	8	0.20355
25	9	0.230024
25	10	0.256873
25	11	0.284148
25	12	0.311899
25	13	0.340184
25	14	0.369064
25	15	0.398607
25	16	0.428888
25	17	0.459992
25	18	0.492017
25	19	0.525074
25	20	0.559292
25	21	0.594821
25	22	0.631821
25	23	0.670441
25	24	0.710734
25	25	0.7524
25	26	0.794066
25	27	0.83163
25	28	0.856591
25	29	0.872771
25	30	0.883613
25	31	0.891194
25	32	0.896695
25	33	0.900796
25	34	0.903906
25	35	0.906281
25	36	0.908084
25	37	0.909426
25	38	0.910379
25	39	0.91099
25	40	0.911289
25	41	0.91129
25	42	0.910991
25	43	0.910379
25	44	0.909427
25	45	0.908085
25	46	0.906282
25	47	0.903908
25	48	0.900798
25	49	0.896697
25	50	0.891197
25	51	0.883616
25	52	0.872775
25	53	0.856597
25	54	0.831636
25	55	0.794075
25	56	0.752411
25	57	0.710749
25	58	0.670458
25	59	0.631841
25	60	0.594844
25	61	0.559319
25	62	0.525103
25	63	0.492049
25	64	0.460027
25	65	0.428926
25	66	0.398647
25	67	0.369105
25	68	0.340226
25	69	0.311942
25	70	0.28419
25	71	0.256915
25	72	0.230065
25	73	0.203589
25	74	0.177441
25	75	0.151577
25	76	0.125952
25	77	0.100526
25	78	0.075258
25	79	0.0501071
25	80	0.0250342
25	81	0
26	0	0
26	1	0.0257846
26	2	0.051611
26	3	0.0775212
26	4	0.103557
26	5	0.129762
26	6	0.15618
26	7	0.182856
26	8	0.209836
26	9	0.23717
26	10	0.264908
26	11	0.293105
26	12	0.321821
26	13	0.351119
26	14	0.381069
26	15	0.411753
26	16	0.443261
26	17	0.475699
26	18	0.509195
26	19	0.543903
26	20	0.580018
26	21	0.617788
26	22	0.657546
26	23	0.699744
26	24	0.745
26	25	0.794066
26	26	0.847236
26	27	0.900407
26	28	0.922761
26	29	0.934046
26	30	0.940651
26	31	0.944946
26	32	0.947941
26	33	0.950123
26	34	0.951754
26	35	0.952989
26	36	0.953921
26	37	0.954612
26	38	0.955101
26	39	0.955415
26	40	0.955568
26	41	0.955568
26	42	0.955415
26	43	0.955102
26	44	0.954613
26	45	0.953922
26	46	0.95299
26	47	0.951755
26	48	0.950124
26	49	0.947942
26	50	0.944948
26	51	0.940653
26	52	0.934048
26	53	0.922764
26	54	0.90041
26	55	0.847242
26	56	0.794075
26	57	0.745012
26	58	0.69976
26	59	0.657565
26	60	0.61781
26	61	0.580043
26	62	0.543932
26	63	0.509227
26	64	0.475734
26	65	0.443298
26	66	0.411792
26	67	0.38111
26	68	0.35116
26	69	0.321863
26	70	0.293147
26	71	0.26495
26	72	0.23721
26	73	0.209875
26	74	0.182892
26	75	0.156213
26	76	0.129791
26	77	0.103582
26	78	0.0775403
26	79	0.0516243
26	80	0.0257914
26	81	0
27	0	0
27	1	0.0265007
27	2	0.0530457
27	3	0.0796791
27	4	0.106446
27	5	0.133391
27	6	0.160562
27	7	0.188006
27	8	0.215772
27	9	0.243914
27	10	0.272487
27	11	0.301549
27	12	0.331165
27	13	0.361404
27	14	0.392346
27	15	0.424079
27	16	0.456708
27	17	0.490353
27	18	0.525166
27	19	0.561331
27	20	0.59909
27	21	0.63877
27	22	0.680834
27	23	0.725993
27	24	0.775456
27	25	0.83163
27	26	0.900407
27	27	1
27	28	1
27	29	1
27	30	1
27	31	1
27	32	1
27	33	1
27	34	1
27	35	1
27	36	1
27	37	1
27	38	1
27	39	1
27	40	1
27	41	1
27	42	1
27	43	1
27	44	1
27	45	1
27	46	1
27	47	1
27	48	1
27	49	1
27	50	1
27	51	1
27	52	1
27	53	1
27	54	1
27	55	0.900411
27	56	0.831637
27	57	0.775467
27	58	0.726007
27	59	0.680851
27	60	0.638791
27	61	0.599114
27	62	0.561358
27	63	0.525196
27	64	0.490387
27	65	0.456743
27	66	0.424117
27	67	0.392386
27	68	0.361445
27	69	0.331206
27	70	0.301591
27	71	0.272528
27	72	0.243955
27	73	0.215811
27	74	0.188041
27	75	0.160594
27	76	0.13342
27	77	0.10647
27	78	0.0796981
27	79	0.0530588
27	80	0.0265075
27	81	0
28	0	0
28	1	0.0271733
28	2	0.054393
28	3	0.0817054
28	4	0.109157
28	5	0.136797
28	6	0.164673
28	7	0.192835
28	8	0.221337
28	9	0.250232
28	10	0.27958
28	11	0.309443
28	12	0.339889
28	13	0.370992
28	14	0.402835
28	15	0.435515
28	16	0.469141
28	17	0.503845
28	18	0.539787
28	19	0.577167
28	20	0.616246
28	21	0.657371
28	22	0.70103
28	23	0.747939
28	24	0.799205
28	25	0.856591
28	26	0.922761
28	27	1
28	28	1
28	29	1
28	30	1
28	31	1
28	32	1
28	33	1
28	34	1
28	35	1
28	36	1
28	37	1
28	38	1
28	39	1
28	40	1
28	41	1
28	42	1
28	43	1
28	44	1
28	45	1
28	46	1
28	47	1
28	48	1
28	49	1
28	50	1
28	51	1
28	52	1
28	53	1
28	54	1
28	55	0.922764
28	56	0.856598
28	57	0.799215
28	58	0.747952
28	59	0.701046
28	60	0.657391
28	61	0.616269
28	62	0.577194
28	63	0.539816
28	64	0.503877
28	65	0.469176
28	66	0.435552
28	67	0.402874
28	68	0.371032
28	69	0.33993
28	70	0.309485
28	71	0.279621
28	72	0.250272
28	73	0.221375
28	74	0.192871
28	75	0.164705
28	76	0.136825
28	77	0.109181
28	78	0.0817242
28	79	0.0544061
28	80	0.0271801
28	81	0
29	0	0
29	1	0.0278002
29	2	0.0556486
29	3	0.0835936
29	4	0.111684
29	5	0.139969
29	6	0.1685
29	7	0.197329
29	8	0.22651
29	9	0.256102
29	10	0.286163
29	11	0.316759
29	12	0.34796
29	13	0.379843
29	14	0.412493
29	15	0.446008
29	16	0.480501
29	17	0.516102
29	18	0.552973
29	19	0.59131
29	20	0.631359
29	21	0.673441
29	22	0.717978
29	23	0.765531
29	24	0.816835
29	25	0.872771
29	26	0.934046
29	27	1
29	28	1
29	29	1
29	30	1
29	31	1
29	32	1
29	33	1
29	34	1
29	35	1
29	36	1
29	37	1
29	38	1
29	39	1
29	40	1
29	41	1
29	42	1
29	43	1
29	44	1
29	45	1
29	46	1
29	47	1
29	48	1
29	49	1
29	50	1
29	51	1
29	52	1
29	53	1
29	54	1
29	55	0.934048
29	56	0.872776
29	57	0.816844
29	58	0.765543
29	59	0.717993
29	60	0.67346
29	61	0.631381
29	62	0.591335
29	63	0.553002
29	64	0.516134
29	65	0.480535
29	66	0.446045
29	67	0.412531
29	68	0.379882
29	69	0.348001
29	70	0.3168
29	71	0.286203
29	72	0.256141
29	73	0.226548
29	74	0.197364
29	75	0.168532
29	76	0.139997
29	77	0.111708
29	78	0.0836123
29	79	0.0556617
29	80	0.027807
29	81	0
30	0	0
30	1	0.0283796
30	2	0.056809
30	3	0.0853381
30	4	0.114017
30	5	0.142897
30	6	0.172031
30	7	0.201473
30	8	0.231277
30	9	0.261504
30	10	0.292214
30	11	0.323474
30	12	0.355354
30	13	0.387931
30	14	0.42129
30	15	0.455529
30	16	0.490755
30	17	0.527095
30	18	0.564698
30	19	0.603742
30	20	0.644442
30	21	0.68706
30	22	0.731913
30	23	0.779373
30	24	0.829835
30	25	0.883613
30	26	0.940651
30	27	1
30	28	1
30	29	1
30	30	1
30	31	1
30	32	1
30	33	1
30	34	1
30	35	1
30	36	1
30	37	1
30	38	1
30	39	1
30	40	1
30	41	1
30	42	1
30	43	1
30	44	1
30	45	1
30	46	1
30	47	1
30	48	1
30	49	1
30	50	1
30	51	1
30	52	1
30	53	1
30	54	1
30	55	0.940653
30	56	0.883617
30	57	0.829843
30	58	0.779384
30	59	0.731927
30	60	0.687078
30	61	0.644463
30	62	0.603766
30	63	0.564726
30	64	0.527125
30	65	0.490788
30	66	0.455564
30	67	0.421328
30	68	0.387969
30	69	0.355393
30	70	0.323514
30	71	0.292254
30	72	0.261543
30	73	0.231315
30	74	0.201507
30	75	0.172063
30	76	0.142925
30	77	0.114041
30	78	0.0853567
30	79	0.056822
30	80	0.0283863
30	81	0
31	0	0
31	1	0.0289099
31	2	0.0578709
31	3	0.0869341
31	4	0.116151
31	5	0.145575
31	6	0.175258
31	7	0.205256
31	8	0.235626
31	9	0.266427
31	10	0.29772
31	11	0.329573
31	12	0.362054
31	13	0.39524
31	14	0.429213
31	15	0.464065
31	16	0.499899
31	17	0.536828
31	18	0.574986
31	19	0.614522
31	20	0.65561
31	21	0.698446
31	22	0.743243
31	23	0.790213
31	24	0.839522
31	25	0.891194
31	26	0.944946
31	27	1
31	28	1
31	29	1
31	30	1
31	31	1
31	32	1
31	33	1
31	34	1
31	35	1
31	36	1
31	37	1
31	38	1
31	39	1
31	40	1
31	41	1
31	42	1
31	43	1
31	44	1
31	45	1
31	46	1
31	47	1
31	48	1
31	49	1
31	50	1
31	51	1
31	52	1
31	53	1
31	54	1
31	55	0.944948
31	56	0.891198
31	57	0.83953
31	58	0.790224
31	59	0.743257
31	60	0.698463
31	61	0.655631
31	62	0.614546
31	63	0.575012
31	64	0.536858
31	65	0.499931
31	66	0.4641
31	67	0.42925
31	68	0.395278
31	69	0.362093
31	70	0.329612
31	71	0.29776
31	72	0.266465
31	73	0.235663
31	74	0.205291
31	75	0.17529
31	76	0.145603
31	77	0.116175
31	78	0.0869526
31	79	0.0578837
31	80	0.0289165
31	81	0
32	0	0
32	1	0.0293897
32	2	0.0588316
32	3	0.0883778
32	4	0.118081
32	5	0.147995
32	6	0.178173
32	7	0.208671
32	8	0.239547
32	9	0.27086
32	10	0.302671
32	11	0.335046
32	12	0.368053
32	13	0.401765
32	14	0.436261
32	15	0.471625
32	16	0.50795
32	17	0.545337
32	18	0.583898
32	19	0.623753
32	20	0.665034
32	21	0.707874
32	22	0.752402
32	23	0.798717
32	24	0.846848
32	25	0.896695
32	26	0.947941
32	27	1
32	28	1
32	29	1
32	30	1
32	31	1
32	32	1
32	33	1
32	34	1
32	35	1
32	36	1
32	37	1
32	38	1
32	39	1
32	40	1
32	41	1
32	42	1
32	43	1
32	44	1
32	45	1
32	46	1
32	47	1
32	48	1
32	49	1
32	50	1
32	51	1
32	52	1
32	53	1
32	54	1
32	55	0.947943
32	56	0.896699
32	57	0.846855
32	58	0.798727
32	59	0.752415
32	60	0.707891
32	61	0.665054
32	62	0.623776
32	63	0.583924
32	64	0.545366
32	65	0.507982
32	66	0.471659
32	67	0.436297
32	68	0.401803
32	69	0.368092
32	70	0.335085
32	71	0.30271
32	72	0.270898
32	73	0.239584
32	74	0.208705
32	75	0.178204
32	76	0.148022
32	77	0.118104
32	78	0.0883962
32	79	0.0588444
32	80	0.0293963
32	81	0
33	0	0
33	1	0.0298181
33	2	0.0596891
33	3	0.0896661
33	4	0.119802
33	5	0.150152
33	6	0.18077
33	7	0.211712
33	8	0.243035
33	9	0.274798
33	10	0.307063
33	11	0.339892
33	12	0.373352
33	13	0.407512
33	14	0.442444
33	15	0.478228
33	16	0.514943
33	17	0.552676
33	18	0.591519
33	19	0.631563
33	20	0.672901
33	21	0.715617
33	22	0.759777
33	23	0.805405
33	24	0.852461
33	25	0.900796
33	26	0.950123
33	27	1
33	28	1
33	29	1
33	30	1
33	31	1
33	32	1
33	33	1
33	34	1
33	35	1
33	36	1
33	37	1
33	38	1
33	39	1
33	40	1
33	41	1
33	42	1
33	43	1
33	44	1
33	45	1
33	46	1
33	47	1
33	48	1
33	49	1
33	50	1
33	51	1
33	52	1
33	53	1
33	54	1
33	55	0.950124
33	56	0.9008
33	57	0.852467
33	58	0.805415
33	59	0.759789
33	60	0.715633
33	61	0.67292
33	62	0.631585
33	63	0.591544
33	64	0.552705
33	65	0.514974
33	66	0.478261
33	67	0.44248
33	68	0.407549
33	69	0.37339
33	70	0.339931
33	71	0.307101
33	72	0.274836
33	73	0.243071
33	74	0.211746
33	75	0.180801
33	76	0.150179
33	77	0.119826
33	78	0.0896843
33	79	0.0597018
33	80	0.0298246
33	81	0
34	0	0
34	1	0.0301941
34	2	0.0604418
34	3	0.0907966
34	4	0.121312
34	5	0.152044
34	6	0.183045
34	7	0.214374
34	8	0.246085
34	9	0.278239
34	10	0.310893
34	11	0.344111
34	12	0.377954
34	13	0.412489
34	14	0.447781
34	15	0.483902
34	16	0.520921
34	17	0.55891
34	18	0.597941
34	19	0.638082
34	20	0.679392
34	21	0.72192
34	22	0.765685
34	23	0.810669
34	24	0.856795
34	25	0.903906
34	26	0.951754
34	27	1
34	28	1
34	29	1
34	30	1
34	31	1
34	32	1
34	33	1
34	34	1
34	35	1
34	36	1
34	37	1
34	38	1
34	39	1
34	40	1
34	41	1
34	42	1
34	43	1
34	44	1
34	45	1
34	46	1
34	47	1
34	48	1
34	49	1
34	50	1
34	51	1
34	52	1
34	53	1
34	54	1
34	55	0.951756
34	56	0.90391
34	57	0.856801
34	58	0.810678
34	59	0.765697
34	60	0.721935
34	61	0.679411
34	62	0.638103
34	63	0.597966
34	64	0.558938
34	65	0.520951
34	66	0.483935
34	67	0.447816
34	68	0.412525
34	69	0.377992
34	70	0.344149
34	71	0.310931
34	72	0.278276
34	73	0.246121
34	74	0.214407
34	75	0.183076
34	76	0.152071
34	77	0.121335
34	78	0.0908147
34	79	0.0604544
34	80	0.0302006
34	81	0
35	0	0
35	1	0.0305172
35	2	0.0610884
35	3	0.0917676
35	4	0.122609
35	5	0.153667
35	6	0.184997
35	7	0.216655
35	8	0.248697
35	9	0.281181
35	10	0.314164
35	11	0.347707
35	12	0.381869
35	13	0.416711
35	14	0.452295
35	15	0.488682
35	16	0.525933
35	17	0.564106
35	18	0.603257
35	19	0.643433
35	20	0.68467
35	21	0.726987
35	22	0.770376
35	23	0.814792
35	24	0.860144
35	25	0.906281
35	26	0.952989
35	27	1
35	28	1
35	29	1
35	30	1
35	31	1
35	32	1
35	33	1
35	34	1
35	35	1
35	36	1
35	37	1
35	38	1
35	39	1
35	40	1
35	41	1
35	42	1
35	43	1
35	44	1
35	45	1
35	46	1
35	47	1
35	48	1
35	49	1
35	50	1
35	51	1
35	52	1
35	53	1
35	54	1
35	55	0.952991
35	56	0.906284
35	57	0.86015
35	58	0.814801
35	59	0.770387
35	60	0.727002
35	61	0.684688
35	62	0.643454
35	63	0.603281
35	64	0.564133
35	65	0.525963
35	66	0.488714
35	67	0.452329
35	68	0.416747
35	69	0.381906
35	70	0.347745
35	71	0.314202
35	72	0.281218
35	73	0.248733
35	74	0.216689
35	75	0.185028
35	76	0.153694
35	77	0.122632
35	78	0.0917856
35	79	0.0611009
35	80	0.0305237
35	81	0
36	0	0
36	1	0.0307869
36	2	0.0616281
36	3	0.0925779
36	4	0.123691
36	5	0.155021
36	6	0.186624
36	7	0.218556
36	8	0.250871
36	9	0.283627
36	10	0.31688
36	11	0.350688
36	12	0.385108
36	13	0.420196
36	14	0.456009
36	15	0.492601
36	16	0.530025
36	17	0.568328
36	18	0.607551
36	19	0.647726
36	20	0.688871
36	21	0.730984
36	22	0.774041
36	23	0.817981
36	24	0.862709
36	25	0.908084
36	26	0.953921
36	27	1
36	28	1
36	29	1
36	30	1
36	31	1
36	32	1
36	33	1
36	34	1
36	35	1
36	36	1
36	37	1
36	38	1
36	39	1
36	40	1
36	41	1
36	42	1
36	43	1
36	44	1
36	45	1
36	46	1
36	47	1
36	48	1
36	49	1
36	50	1
36	51	1
36	52	1
36	53	1
36	54	1
36	55	0.953923
36	56	0.908088
36	57	0.862715
36	58	0.81799
36	59	0.774052
36	60	0.730999
36	61	0.688889
36	62	0.647747
36	63	0.607575
36	64	0.568355
36	65	0.530055
36	66	0.492633
36	67	0.456043
36	68	0.420232
36	69	0.385144
36	70	0.350726
36	71	0.316918
36	72	0.283664
36	73	0.250906
36	74	0.218589
36	75	0.186655
36	76	0.155048
36	77	0.123713
36	78	0.0925958
36	79	0.0616406
36	80	0.0307934
36	81	0
37	0	0
37	1	0.0310029
37	2	0.0620604
37	3	0.0932268
37	4	0.124557
37	5	0.156105
37	6	0.187925
37	7	0.220075
37	8	0.252607
37	9	0.285579
37	10	0.319045
37	11	0.353061
37	12	0.387681
37	13	0.42296
37	14	0.458947
37	15	0.495693
37	16	0.533242
37	17	0.571634
37	18	0.610897
37	19	0.651053
37	20	0.692106
37	21	0.734041
37	22	0.776823
37	23	0.820385
37	24	0.864629
37	25	0.909426
37	26	0.954612
37	27	1
37	28	1
37	29	1
37	30	1
37	31	1
37	32	1
37	33	1
37	34	1
37	35	1
37	36	1
37	37	1
37	38	1
37	39	1
37	40	1
37	41	1
37	42	1
37	43	1
37	44	1
37	45	1
37	46	1
37	47	1
37	48	1
37	49	1
37	50	1
37	51	1
37	52	1
37	53	1
37	54	1
37	55	0.954614
37	56	0.909429
37	57	0.864635
37	58	0.820393
37	59	0.776834
37	60	0.734056
37	61	0.692123
37	62	0.651073
37	63	0.610921
37	64	0.57166
37	65	0.533272
37	66	0.495725
37	67	0.458981
37	68	0.422995
37	69	0.387718
37	70	0.353098
37	71	0.319082
37	72	0.285615
37	73	0.252642
37	74	0.220108
37	75	0.187956
37	76	0.156131
37	77	0.124579
37	78	0.0932446
37	79	0.0620728
37	80	0.0310094
37	81	0
38	0	0
38	1	0.0311651
38	2	0.0623849
38	3	0.0937138
38	4	0.125206
38	5	0.156917
38	6	0.188901
38	7	0.221213
38	8	0.253908
38	9	0.28704
38	10	0.320664
38	11	0.354833
38	12	0.389601
38	13	0.425017
38	14	0.461131
38	15	0.497986
38	16	0.535621
38	17	0.57407
38	18	0.613354
38	19	0.653485
38	20	0.69446
38	21	0.736255
38	22	0.778827
38	23	0.822107
38	24	0.865998
38	25	0.910379
38	26	0.955101
38	27	1
38	28	1
38	29	1
38	30	1
38	31	1
38	32	1
38	33	1
38	34	1
38	35	1
38	36	1
38	37	1
38	38	1
38	39	1
38	40	1
38	41	1
38	42	1
38	43	1
38	44	1
38	45	1
38	46	1
38	47	1
38	48	1
38	49	1
38	50	1
38	51	1
38	52	1
38	53	1
38	54	1
38	55	0.955103
38	56	0.910382
38	57	0.866004
38	58	0.822115
38	59	0.778838
38	60	0.736269
38	61	0.694477
38	62	0.653506
38	63	0.613377
38	64	0.574096
38	65	0.53565
38	66	0.498017
38	67	0.461165
38	68	0.425053
38	69	0.389637
38	70	0.35487
38	71	0.320701
38	72	0.287076
38	73	0.253943
38	74	0.221246
38	75	0.188931
38	76	0.156944
38	77	0.125229
38	78	0.0937315
38	79	0.0623972
38	80	0.0311715
38	81	0
39	0	0
39	1	0.0312733
39	2	0.0626014
39	3	0.0940386
39	4	0.12564
39	5	0.157459
39	6	0.189551
39	7	0.221972
39	8	0.254774
39	9	0.288012
39	10	0.321741
39	11	0.356011
39	12	0.390876
39	13	0.426382
39	14	0.462577
39	15	0.499501
39	16	0.537191
39	17	0.575673
39	18	0.614967
39	19	0.655078
39	20	0.695996
39	21	0.737694
39	22	0.780125
39	23	0.823218
39	24	0.866879
39	25	0.91099
39	26	0.955415
39	27	1
39	28	1
39	29	1
39	30	1
39	31	1
39	32	1
39	33	1
39	34	1
39	35	1
39	36	1
39	37	1
39	38	1
39	39	1
39	40	1
39	41	1
39	42	1
39	43	1
39	44	1
39	45	1
39	46	1
39	47	1
39	48	1
39	49	1
39	50	1
39	51	1
39	52	1
39	53	1
39	54	1
39	55	0.955416
39	56	0.910994
39	57	0.866885
39	58	0.823226
39	59	0.780136
39	60	0.737708
39	61	0.696013
39	62	0.655098
39	63	0.61499
39	64	0.575699
39	65	0.53722
39	66	0.499533
39	67	0.46261
39	68	0.426417
39	69	0.390912
39	70	0.356048
39	71	0.321777
39	72	0.288048
39	73	0.254808
39	74	0.222004
39	75	0.189581
39	76	0.157486
39	77	0.125662
39	78	0.0940562
39	79	0.0626136
39	80	0.0312797
39	81	0
40	0	0
40	1	0.0313275
40	2	0.0627097
40	3	0.0942011
40	4	0.125856
40	5	0.15773
40	6	0.189877
40	7	0.222351
40	8	0.255207
40	9	0.288498
40	10	0.322278
40	11	0.356599
40	12	0.391511
40	13	0.427063
40	14	0.463297
40	15	0.500255
40	16	0.537971
40	17	0.576469
40	18	0.615766
40	19	0.655865
40	20	0.696754
40	21	0.738403
40	22	0.780764
40	23	0.823764
40	24	0.86731
40	25	0.911289
40	26	0.955568
40	27	1
40	28	1
40	29	1
40	30	1
40	31	1
40	32	1
40	33	1
40	34	1
40	35	1
40	36	1
40	37	1
40	38	1
40	39	1
40	40	1
40	41	1
40	42	1
40	43	1
40	44	1
40	45	1
40	46	1
40	47	1
40	48	1
40	49	1
40	50	1
40	51	1
40	52	1
40	53	1
40	54	1
40	55	0.95557
40	56	0.911293
40	57	0.867316
40	58	0.823772
40	59	0.780774
40	60	0.738417
40	61	0.696771
40	62	0.655885
40	63	0.615789
40	64	0.576495
40	65	0.538
40	66	0.500287
40	67	0.463331
40	68	0.427098
40	69	0.391548
40	70	0.356636
40	71	0.322315
40	72	0.288534
40	73	0.255241
40	74	0.222383
40	75	0.189907
40	76	0.157757
40	77	0.125879
40	78	0.0942187
40	79	0.0627219
40	80	0.0313338
40	81	0
41	0	0
41	1	0.0313275
41	2	0.0627098
41	3	0.0942013
41	4	0.125857
41	5	0.15773
41	6	0.189877
41	7	0.222351
41	8	0.255207
41	9	0.288499
41	10	0.322279
41	11	0.3566
41	12	0.391512
41	13	0.427063
41	14	0.463298
41	15	0.500256
41	16	0.537971
41	17	0.57647
41	18	0.615767
41	19	0.655866
41	20	0.696754
41	21	0.738404
41	22	0.780764
41	23	0.823764
41	24	0.867311
41	25	0.91129
41	26	0.955568
41	27	1
41	28	1
41	29	1
41	30	1
41	31	1
41	32	1
41	33	1
41	34	1
41	35	1
41	36	1
41	37	1
41	38	1
41	39	1
41	40	1
41	41	1
41	42	1
41	43	1
41	44	1
41	45	1
41	46	1
41	47	1
41	48	1
41	49	1
41	50	1
41	51	1
41	52	1
41	53	1
41	54	1
41	55	0.95557
41	56	0.911293
41	57	0.867316
41	58	0.823772
41	59	0.780775
41	60	0.738418
41	61	0.696771
41	62	0.655886
41	63	0.61579
41	64	0.576496
41	65	0.538
41	66	0.500287
41	67	0.463331
41	68	0.427098
41	69	0.391548
41	70	0.356636
41	71	0.322315
41	72	0.288535
41	73	0.255242
41	74	0.222384
41	75	0.189907
41	76	0.157757
41	77	0.125879
41	78	0.0942189
41	79	0.062722
41	80	0.0313339
41	81	0
42	0	0
42	1	0.0312735
42	2	0.0626018
42	3	0.0940392
42	4	0.12564
42	5	0.15746
42	6	0.189553
42	7	0.221973
42	8	0.254775
42	9	0.288014
42	10	0.321742
42	11	0.356013
42	12	0.390877
42	13	0.426384
42	14	0.462579
42	15	0.499503
42	16	0.537192
42	17	0.575675
42	18	0.614968
42	19	0.655079
42	20	0.695997
42	21	0.737695
42	22	0.780126
42	23	0.823219
42	24	0.86688
42	25	0.910991
42	26	0.955415
42	27	1
42	28	1
42	29	1
42	30	1
42	31	1
42	32	1
42	33	1
42	34	1
42	35	1
42	36	1
42	37	1
42	38	1
42	39	1
42	40	1
42	41	1
42	42	1
42	43	1
42	44	1
42	45	1
42	46	1
42	47	1
42	48	1
42	49	1
42	50	1
42	51	1
42	52	1
42	53	1
42	54	1
42	55	0.955417
42	56	0.910994
42	57	0.866885
42	58	0.823227
42	59	0.780137
42	60	0.737709
42	61	0.696014
42	62	0.655099
42	63	0.614992
42	64	0.575701
42	65	0.537221
42	66	0.499534
42	67	0.462612
42	68	0.426419
42	69	0.390913
42	70	0.35605
42	71	0.321779
42	72	0.28805
42	73	0.25481
42	74	0.222005
42	75	0.189582
42	76	0.157486
42	77	0.125663
42	78	0.0940568
42	79	0.062614
42	80	0.0312799
42	81	0
43	0	0
43	1	0.0311655
43	2	0.0623856
43	3	0.0937148
43	4	0.125208
43	5	0.156919
43	6	0.188903
43	7	0.221215
43	8	0.25391
43	9	0.287042
43	10	0.320667
43	11	0.354836
43	12	0.389604
43	13	0.42502
43	14	0.461134
43	15	0.497989
43	16	0.535624
43	17	0.574072
43	18	0.613356
43	19	0.653488
43	20	0.694462
43	21	0.736257
43	22	0.778829
43	23	0.822108
43	24	0.865999
43	25	0.910379
43	26	0.955102
43	27	1
43	28	1
43	29	1
43	30	1
43	31	1
43	32	1
43	33	1
43	34	1
43	35	1
43	36	1
43	37	1
43	38	1
43	39	1
43	40	1
43	41	1
43	42	1
43	43	1
43	44	1
43	45	1
43	46	1
43	47	1
43	48	1
43	49	1
43	50	1
43	51	1
43	52	1
43	53	1
43	54	1
43	55	0.955103
43	56	0.910383
43	57	0.866005
43	58	0.822116
43	59	0.77884
43	60	0.736271
43	61	0.694479
43	62	0.653508
43	63	0.61338
43	64	0.574098
43	65	0.535653
43	66	0.49802
43	67	0.461167
43	68	0.425055
43	69	0.38964
43	70	0.354873
43	71	0.320703
43	72	0.287078
43	73	0.253945
43	74	0.221248
43	75	0.188933
43	76	0.156945
43	77	0.12523
43	78	0.0937324
43	79	0.0623978
43	80	0.0311718
43	81	0
44	0	0
44	1	0.0310035
44	2	0.0620614
44	3	0.0932283
44	4	0.124559
44	5	0.156107
44	6	0.187928
44	7	0.220078
44	8	0.252611
44	9	0.285583
44	10	0.319049
44	11	0.353065
44	12	0.387685
44	13	0.422964
44	14	0.458951
44	15	0.495697
44	16	0.533246
44	17	0.571637
44	18	0.610901
44	19	0.651056
44	20	0.692109
44	21	0.734044
44	22	0.776825
44	23	0.820386
44	24	0.864631
44	25	0.909427
44	26	0.954613
44	27	1
44	28	1
44	29	1
44	30	1
44	31	1
44	32	1
44	33	1
44	34	1
44	35	1
44	36	1
44	37	1
44	38	1
44	39	1
44	40	1
44	41	1
44	42	1
44	43	1
44	44	1
44	45	1
44	46	1
44	47	1
44	48	1
44	49	1
44	50	1
44	51	1
44	52	1
44	53	1
44	54	1
44	55	0.954614
44	56	0.90943
44	57	0.864636
44	58	0.820395
44	59	0.776836
44	60	0.734058
44	61	0.692126
44	62	0.651076
44	63	0.610924
44	64	0.571664
44	65	0.533275
44	66	0.495729
44	67	0.458985
44	68	0.422999
44	69	0.387722
44	70	0.353102
44	71	0.319086
44	72	0.285619
44	73	0.252645
44	74	0.22011
44	75	0.187958
44	76	0.156133
44	77	0.124581
44	78	0.0932458
44	79	0.0620737
44	80	0.0310098
44	81	0
45	0	0
45	1	0.0307875
45	2	0.0616294
45	3	0.0925798
45	4	0.123693
45	5	0.155024
45	6	0.186628
45	7	0.21856
45	8	0.250875
45	9	0.283632
45	10	0.316885
45	11	0.350693
45	12	0.385113
45	13	0.420201
45	14	0.456014
45	15	0.492607
45	16	0.53003
45	17	0.568333
45	18	0.607556
45	19	0.647731
45	20	0.688875
45	21	0.730988
45	22	0.774043
45	23	0.817984
45	24	0.862711
45	25	0.908085
45	26	0.953922
45	27	1
45	28	1
45	29	1
45	30	1
45	31	1
45	32	1
45	33	1
45	34	1
45	35	1
45	36	1
45	37	1
45	38	1
45	39	1
45	40	1
45	41	1
45	42	1
45	43	1
45	44	1
45	45	1
45	46	1
45	47	1
45	48	1
45	49	1
45	50	1
45	51	1
45	52	1
45	53	1
45	54	1
45	55	0.953923
45	56	0.908089
45	57	0.862717
45	58	0.817992
45	59	0.774055
45	60	0.731002
45	61	0.688892
45	62	0.647751
45	63	0.60758
45	64	0.56836
45	65	0.53006
45	66	0.492638
45	67	0.456048
45	68	0.420236
45	69	0.385149
45	70	0.35073
45	71	0.316922
45	72	0.283668
45	73	0.25091
45	74	0.218592
45	75	0.186658
45	76	0.155051
45	77	0.123716
45	78	0.0925974
45	79	0.0616417
45	80	0.0307939
45	81	0
46	0	0
46	1	0.030518
46	2	0.06109
46	3	0.0917699
46	4	0.122612
46	5	0.153671
46	6	0.185002
46	7	0.21666
46	8	0.248703
46	9	0.281187
46	10	0.314171
46	11	0.347714
46	12	0.381876
46	13	0.416718
46	14	0.452301
46	15	0.488688
46	16	0.525939
46	17	0.564112
46	18	0.603263
46	19	0.643438
46	20	0.684675
46	21	0.726991
46	22	0.770379
46	23	0.814795
46	24	0.860146
46	25	0.906282
46	26	0.95299
46	27	1
46	28	1
46	29	1
46	30	1
46	31	1
46	32	1
46	33	1
46	34	1
46	35	1
46	36	1
46	37	1
46	38	1
46	39	1
46	40	1
46	41	1
46	42	1
46	43	1
46	44	1
46	45	1
46	46	1
46	47	1
46	48	1
46	49	1
46	50	1
46	51	1
46	52	1
46	53	1
46	54	1
46	55	0.952991
46	56	0.906286
46	57	0.860152
46	58	0.814803
46	59	0.770391
46	60	0.727006
46	61	0.684693
46	62	0.643459
46	63	0.603287
46	64	0.564139
46	65	0.525969
46	66	0.48872
46	67	0.452335
46	68	0.416753
46	69	0.381912
46	70	0.347751
46	71	0.314208
46	72	0.281223
46	73	0.248738
46	74	0.216693
46	75	0.185032
46	76	0.153698
46	77	0.122634
46	78	0.0917876
46	79	0.0611023
46	80	0.0305244
46	81	0
47	0	0
47	1	0.030195
47	2	0.0604437
47	3	0.0907994
47	4	0.121316
47	5	0.152048
47	6	0.183051
47	7	0.21438
47	8	0.246092
47	9	0.278245
47	10	0.310901
47	11	0.344118
47	12	0.377962
47	13	0.412497
47	14	0.447789
47	15	0.48391
47	16	0.520929
47	17	0.558918
47	18	0.597948
47	19	0.638088
47	20	0.679398
47	21	0.721925
47	22	0.765689
47	23	0.810672
47	24	0.856797
47	25	0.903908
47	26	0.951755
47	27	1
47	28	1
47	29	1
47	30	1
47	31	1
47	32	1
47	33	1
47	34	1
47	35	1
47	36	1
47	37	1
47	38	1
47	39	1
47	40	1
47	41	1
47	42	1
47	43	1
47	44	1
47	45	1
47	46	1
47	47	1
47	48	1
47	49	1
47	50	1
47	51	1
47	52	1
47	53	1
47	54	1
47	55	0.951757
47	56	0.903912
47	57	0.856803
47	58	0.810681
47	59	0.765701
47	60	0.72194
47	61	0.679416
47	62	0.638109
47	63	0.597972
47	64	0.558945
47	65	0.520959
47	66	0.483942
47	67	0.447824
47	68	0.412532
47	69	0.377999
47	70	0.344156
47	71	0.310938
47	72	0.278282
47	73	0.246127
47	74	0.214412
47	75	0.183081
47	76	0.152075
47	77	0.121339
47	78	0.0908171
47	79	0.060456
47	80	0.0302014
47	81	0
48	0	0
48	1	0.0298192
48	2	0.0596913
48	3	0.0896694
48	4	0.119807
48	5	0.150157
48	6	0.180776
48	7	0.211718
48	8	0.243042
48	9	0.274806
48	10	0.307071
48	11	0.339901
48	12	0.373361
48	13	0.407521
48	14	0.442454
48	15	0.478237
48	16	0.514952
48	17	0.552685
48	18	0.591527
48	19	0.63157
48	20	0.672908
48	21	0.715623
48	22	0.759782
48	23	0.80541
48	24	0.852464
48	25	0.900798
48	26	0.950124
48	27	1
48	28	1
48	29	1
48	30	1
48	31	1
48	32	1
48	33	1
48	34	1
48	35	1
48	36	1
48	37	1
48	38	1
48	39	1
48	40	1
48	41	1
48	42	1
48	43	1
48	44	1
48	45	1
48	46	1
48	47	1
48	48	1
48	49	1
48	50	1
48	51	1
48	52	1
48	53	1
48	54	1
48	55	0.950126
48	56	0.900802
48	57	0.85247
48	58	0.805419
48	59	0.759794
48	60	0.715639
48	61	0.672926
48	62	0.631592
48	63	0.591552
48	64	0.552713
48	65	0.514982
48	66	0.47827
48	67	0.442488
48	68	0.407557
48	69	0.373398
48	70	0.339939
48	71	0.307109
48	72	0.274843
48	73	0.243078
48	74	0.211752
48	75	0.180806
48	76	0.150184
48	77	0.119829
48	78	0.0896871
48	79	0.0597037
48	80	0.0298256
48	81	0
49	0	0
49	1	0.029391
49	2	0.0588341
49	3	0.0883815
49	4	0.118086
49	5	0.148001
49	6	0.17818
49	7	0.208679
49	8	0.239556
49	9	0.270869
49	10	0.302681
49	11	0.335057
49	12	0.368064
49	13	0.401776
49	14	0.436272
49	15	0.471636
49	16	0.50796
49	17	0.545347
49	18	0.583907
49	19	0.623762
49	20	0.665042
49	21	0.707881
49	22	0.752408
49	23	0.798722
49	24	0.846852
49	25	0.896697
49	26	0.947942
49	27	1
49	28	1
49	29	1
49	30	1
49	31	1
49	32	1
49	33	1
49	34	1
49	35	1
49	36	1
49	37	1
49	38	1
49	39	1
49	40	1
49	41	1
49	42	1
49	43	1
49	44	1
49	45	1
49	46	1
49	47	1
49	48	1
49	49	1
49	50	1
49	51	1
49	52	1
49	53	1
49	54	1
49	55	0.947944
49	56	0.896701
49	57	0.846859
49	58	0.798731
49	59	0.752421
49	60	0.707897
49	61	0.665061
49	62	0.623784
49	63	0.583933
49	64	0.545375
49	65	0.507991
49	66	0.471669
49	67	0.436307
49	68	0.401813
49	69	0.368102
49	70	0.335095
49	71	0.302719
49	72	0.270906
49	73	0.239591
49	74	0.208712
49	75	0.17821
49	76	0.148027
49	77	0.118109
49	78	0.0883994
49	79	0.0588465
49	80	0.0293974
49	81	0
50	0	0
50	1	0.0289113
50	2	0.0578737
50	3	0.0869383
50	4	0.116157
50	5	0.145581
50	6	0.175266
50	7	0.205265
50	8	0.235636
50	9	0.266437
50	10	0.297732
50	11	0.329584
50	12	0.362066
50	13	0.395252
50	14	0.429225
50	15	0.464077
50	16	0.49991
50	17	0.53684
50	18	0.574996
50	19	0.614532
50	20	0.65562
50	21	0.698455
50	22	0.74325
50	23	0.790219
50	24	0.839527
50	25	0.891197
50	26	0.944948
50	27	1
50	28	1
50	29	1
50	30	1
50	31	1
50	32	1
50	33	1
50	34	1
50	35	1
50	36	1
50	37	1
50	38	1
50	39	1
50	40	1
50	41	1
50	42	1
50	43	1
50	44	1
50	45	1
50	46	1
50	47	1
50	48	1
50	49	1
50	50	1
50	51	1
50	52	1
50	53	1
50	54	1
50	55	0.94495
50	56	0.891201
50	57	0.839534
50	58	0.790229
50	59	0.743263
50	60	0.698471
50	61	0.655639
50	62	0.614555
50	63	0.575022
50	64	0.536868
50	65	0.499942
50	66	0.464111
50	67	0.429261
50	68	0.395289
50	69	0.362104
50	70	0.329623
50	71	0.29777
50	72	0.266475
50	73	0.235672
50	74	0.205299
50	75	0.175296
50	76	0.145608
50	77	0.11618
50	78	0.0869562
50	79	0.0578861
50	80	0.0289178
50	81	0
51	0	0
51	1	0.0283812
51	2	0.0568122
51	3	0.0853428
51	4	0.114023
51	5	0.142905
51	6	0.17204
51	7	0.201483
51	8	0.231288
51	9	0.261516
51	10	0.292227
51	11	0.323487
51	12	0.355367
51	13	0.387944
51	14	0.421304
51	15	0.455542
51	16	0.490768
51	17	0.527108
51	18	0.56471
51	19	0.603754
51	20	0.644453
51	21	0.687069
51	22	0.731921
51	23	0.779379
51	24	0.829841
51	25	0.883616
51	26	0.940653
51	27	1
51	28	1
51	29	1
51	30	1
51	31	1
51	32	1
51	33	1
51	34	1
51	35	1
51	36	1
51	37	1
51	38	1
51	39	1
51	40	1
51	41	1
51	42	1
51	43	1
51	44	1
51	45	1
51	46	1
51	47	1
51	48	1
51	49	1
51	50	1
51	51	1
51	52	1
51	53	1
51	54	1
51	55	0.940655
51	56	0.883621
51	57	0.829848
51	58	0.77939
51	59	0.731935
51	60	0.687087
51	61	0.644473
51	62	0.603777
51	63	0.564737
51	64	0.527137
51	65	0.4908
51	66	0.455577
51	67	0.42134
51	68	0.387982
51	69	0.355406
51	70	0.323526
51	71	0.292265
51	72	0.261554
51	73	0.231324
51	74	0.201516
51	75	0.172071
51	76	0.142932
51	77	0.114046
51	78	0.0853607
51	79	0.0568247
51	80	0.0283877
51	81	0
52	0	0
52	1	0.027802
52	2	0.0556522
52	3	0.0835988
52	4	0.111691
52	5	0.139977
52	6	0.168509
52	7	0.19734
52	8	0.226522
52	9	0.256115
52	10	0.286177
52	11	0.316774
52	12	0.347975
52	13	0.379858
52	14	0.412509
52	15	0.446024
52	16	0.480516
52	17	0.516117
52	18	0.552987
52	19	0.591323
52	20	0.631371
52	21	0.673452
52	22	0.717988
52	23	0.765539
52	24	0.816841
52	25	0.872775
52	26	0.934048
52	27	1
52	28	1
52	29	1
52	30	1
52	31	1
52	32	1
52	33	1
52	34	1
52	35	1
52	36	1
52	37	1
52	38	1
52	39	1
52	40	1
52	41	1
52	42	1
52	43	1
52	44	1
52	45	1
52	46	1
52	47	1
52	48	1
52	49	1
52	50	1
52	51	1
52	52	1
52	53	1
52	54	1
52	55	0.93405
52	56	0.87278
52	57	0.81685
52	58	0.76555
52	59	0.718002
52	60	0.67347
52	61	0.631392
52	62	0.591347
52	63	0.553015
52	64	0.516147
52	65	0.480548
52	66	0.446059
52	67	0.412546
52	68	0.379896
52	69	0.348014
52	70	0.316813
52	71	0.286216
52	72	0.256152
52	73	0.226559
52	74	0.197374
52	75	0.16854
52	76	0.140004
52	77	0.111713
52	78	0.0836168
52	79	0.0556647
52	80	0.0278085
52	81	0
53	0	0
53	1	0.0271752
53	2	0.0543968
53	3	0.0817111
53	4	0.109165
53	5	0.136806
53	6	0.164683
53	7	0.192847
53	8	0.22135
53	9	0.250247
53	10	0.279596
53	11	0.30946
53	12	0.339906
53	13	0.371009
53	14	0.402853
53	15	0.435532
53	16	0.469158
53	17	0.503861
53	18	0.539803
53	19	0.577182
53	20	0.61626
53	21	0.657383
53	22	0.701041
53	23	0.747948
53	24	0.799212
53	25	0.856597
53	26	0.922764
53	27	1
53	28	1
53	29	1
53	30	1
53	31	1
53	32	1
53	33	1
53	34	1
53	35	1
53	36	1
53	37	1
53	38	1
53	39	1
53	40	1
53	41	1
53	42	1
53	43	1
53	44	1
53	45	1
53	46	1
53	47	1
53	48	1
53	49	1
53	50	1
53	51	1
53	52	1
53	53	1
53	54	1
53	55	0.922766
53	56	0.856603
53	57	0.799222
53	58	0.747961
53	59	0.701056
53	60	0.657402
53	61	0.616282
53	62	0.577207
53	63	0.539831
53	64	0.503892
53	65	0.469191
53	66	0.435568
53	67	0.40289
53	68	0.371048
53	69	0.339945
53	70	0.309499
53	71	0.279635
53	72	0.250285
53	73	0.221386
53	74	0.192881
53	75	0.164714
53	76	0.136833
53	77	0.109188
53	78	0.0817291
53	79	0.0544094
53	80	0.0271818
53	81	0
54	0	0
54	1	0.0265028
54	2	0.0530499
54	3	0.0796854
54	4	0.106454
54	5	0.133401
54	6	0.160573
54	7	0.188019
54	8	0.215787
54	9	0.24393
54	10	0.272504
54	11	0.301567
54	12	0.331183
54	13	0.361423
54	14	0.392365
54	15	0.424098
54	16	0.456726
54	17	0.490372
54	18	0.525183
54	19	0.561347
54	20	0.599106
54	21	0.638784
54	22	0.680847
54	23	0.726004
54	24	0.775465
54	25	0.831636
54	26	0.90041
54	27	1
54	28	1
54	29	1
54	30	1
54	31	1
54	32	1
54	33	1
54	34	1
54	35	1
54	36	1
54	37	1
54	38	1
54	39	1
54	40	1
54	41	1
54	42	1
54	43	1
54	44	1
54	45	1
54	46	1
54	47	1
54	48	1
54	49	1
54	50	1
54	51	1
54	52	1
54	53	1
54	54	1
54	55	0.900414
54	56	0.831644
54	57	0.775476
54	58	0.726017
54	59	0.680863
54	60	0.638804
54	61	0.599129
54	62	0.561374
54	63	0.525212
54	64	0.490403
54	65	0.456761
54	66	0.424135
54	67	0.392403
54	68	0.361462
54	69	0.331223
54	70	0.301607
54	71	0.272543
54	72	0.243969
54	73	0.215824
54	74	0.188053
54	75	0.160604
54	76	0.133428
54	77	0.106477
54	78	0.0797034
54	79	0.0530624
54	80	0.0265093
54	81	0
55	0	0
55	1	0.0257869
55	2	0.0516156
55	3	0.077528
55	4	0.103566
55	5	0.129773
55	6	0.156193
55	7	0.18287
55	8	0.209852
55	9	0.237187
55	10	0.264926
55	11	0.293125
55	12	0.321841
55	13	0.351139
55	14	0.38109
55	15	0.411774
55	16	0.443282
55	17	0.47572
55	18	0.509215
55	19	0.543922
55	20	0.580035
55	21	0.617804
55	22	0.65756
55	23	0.699757
55	24	0.745011
55	25	0.794075
55	26	0.847242
55	27	0.900411
55	28	0.922764
55	29	0.934048
55	30	0.940653
55	31	0.944948
55	32	0.947943
55	33	0.950124
55	34	0.951756
55	35	0.952991
55	36	0.953923
55	37	0.954614
55	38	0.955103
55	39	0.955416
55	40	0.95557
55	41	0.95557
55	42	0.955417
55	43	0.955103
55	44	0.954614
55	45	0.953923
55	46	0.952991
55	47	0.951757
55	48	0.950126
55	49	0.947944
55	50	0.94495
55	51	0.940655
55	52	0.93405
55	53	0.922766
55	54	0.900414
55	55	0.847248
55	56	0.794083
55	57	0.745022
55	58	0.699772
55	59	0.657579
55	60	0.617825
55	61	0.580059
55	62	0.543949
55	63	0.509245
55	64	0.475752
55	65	0.443317
55	66	0.411811
55	67	0.381129
55	68	0.351179
55	69	0.321881
55	70	0.293165
55	71	0.264966
55	72	0.237226
55	73	0.209889
55	74	0.182905
55	75	0.156224
55	76	0.129801
55	77	0.103589
55	78	0.077546
55	79	0.0516282
55	80	0.0257934
55	81	0
56	0	0
56	1	0.0250298
56	2	0.0500988
56	3	0.0752462
56	4	0.100512
56	5	0.125935
56	6	0.151558
56	7	0.177421
56	8	0.203568
56	9	0.230043
56	10	0.256894
56	11	0.284169
56	12	0.311921
56	13	0.340207
56	14	0.369087
56	15	0.39863
56	16	0.428911
56	17	0.460015
56	18	0.492039
56	19	0.525095
56	20	0.559312
56	21	0.594839
56	22	0.631837
56	23	0.670456
56	24	0.710748
56	25	0.752411
56	26	0.794075
56	27	0.831637
56	28	0.856598
56	29	0.872776
56	30	0.883617
56	31	0.891198
56	32	0.896699
56	33	0.9008
56	34	0.90391
56	35	0.906284
56	36	0.908088
56	37	0.909429
56	38	0.910382
56	39	0.910994
56	40	0.911293
56	41	0.911293
56	42	0.910994
56	43	0.910383
56	44	0.90943
56	45	0.908089
56	46	0.906286
56	47	0.903912
56	48	0.900802
56	49	0.896701
56	50	0.891201
56	51	0.883621
56	52	0.87278
56	53	0.856603
56	54	0.831644
56	55	0.794083
56	56	0.752422
56	57	0.710761
56	58	0.670472
56	59	0.631857
56	60	0.594862
56	61	0.559338
56	62	0.525123
56	63	0.49207
56	64	0.460048
56	65	0.428947
56	66	0.398668
56	67	0.369126
56	68	0.340246
56	69	0.311961
56	70	0.284209
56	71	0.256933
56	72	0.230081
56	73	0.203604
56	74	0.177455
56	75	0.151589
56	76	0.125963
56	77	0.100535
56	78	0.0752643
56	79	0.0501113
56	80	0.0250363
56	81	0
57	0	0
57	1	0.024234
57	2	0.0485046
57	3	0.072848
57	4	0.097301
57	5	0.1219
57	6	0.146684
57	7	0.17169
57	8	0.196958
57	9	0.222527
57	10	0.24844
57	11	0.27474
57	12	0.301471
57	13	0.328683
57	14	0.356426
57	15	0.384753
57	16	0.413722
57	17	0.443394
57	18	0.473834
57	19	0.50511
57	20	0.537283
57	21	0.570407
57	22	0.604497
57	23	0.639485
57	24	0.675116
57	25	0.710749
57	26	0.745012
57	27	0.775467
57	28	0.799215
57	29	0.816844
57	30	0.829843
57	31	0.83953
57	32	0.846855
57	33	0.852467
57	34	0.856801
57	35	0.86015
57	36	0.862715
57	37	0.864635
57	38	0.866004
57	39	0.866885
57	40	0.867316
57	41	0.867316
57	42	0.866885
57	43	0.866005
57	44	0.864636
57	45	0.862717
57	46	0.860152
57	47	0.856803
57	48	0.85247
57	49	0.846859
57	50	0.839534
57	51	0.829848
57	52	0.81685
57	53	0.799222
57	54	0.775476
57	55	0.745022
57	56	0.710761
57	57	0.675131
57	58	0.639503
57	59	0.604518
57	60	0.570431
57	61	0.53731
57	62	0.505139
57	63	0.473866
57	64	0.443428
57	65	0.413758
57	66	0.38479
57	67	0.356465
57	68	0.328723
57	69	0.301512
57	70	0.27478
57	71	0.24848
57	72	0.222565
57	73	0.196994
57	74	0.171724
57	75	0.146715
57	76	0.121928
57	77	0.0973238
57	78	0.072866
57	79	0.048517
57	80	0.0242405
57	81	0
58	0	0
58	1	0.0234025
58	2	0.0468386
58	3	0.0703417
58	4	0.0939455
58	5	0.117684
58	6	0.141591
58	7	0.165701
58	8	0.190049
58	9	0.214671
58	10	0.239603
58	11	0.264882
58	12	0.290546
58	13	0.316633
58	14	0.343184
58	15	0.370237
58	16	0.397833
58	17	0.426009
58	18	0.454799
58	19	0.48423
58	20	0.514309
58	21	0.545013
58	22	0.576262
58	23	0.607873
58	24	0.639486
58	25	0.670458
58	26	0.69976
58	27	0.726007
58	28	0.747952
58	29	0.765543
58	30	0.779384
58	31	0.790224
58	32	0.798727
58	33	0.805415
58	34	0.810678
58	35	0.814801
58	36	0.81799
58	37	0.820393
58	38	0.822115
58	39	0.823226
58	40	0.823772
58	41	0.823772
58	42	0.823227
58	43	0.822116
58	44	0.820395
58	45	0.817992
58	46	0.814803
58	47	0.810681
58	48	0.805419
58	49	0.798731
58	50	0.790229
58	51	0.77939
58	52	0.76555
58	53	0.747961
58	54	0.726017
58	55	0.699772
58	56	0.670472
58	57	0.639503
58	58	0.607893
58	59	0.576284
58	60	0.545038
58	61	0.514336
58	62	0.48426
58	63	0.454832
58	64	0.426044
58	65	0.39787
58	66	0.370276
58	67	0.343224
58	68	0.316674
58	69	0.290587
58	70	0.264923
58	71	0.239643
58	72	0.214709
58	73	0.190086
58	74	0.165735
58	75	0.141622
58	76	0.117711
58	77	0.0939683
58	78	0.0703596
58	79	0.046851
58	80	0.0234089
58	81	0
59	0	0
59	1	0.022538
59	2	0.0451066
59	3	0.0677363
59	4	0.0904575
59	5	0.113301
59	6	0.136297
59	7	0.159476
59	8	0.18287
59	9	0.206509
59	10	0.230423
59	11	0.254644
59	12	0.279201
59	13	0.304125
59	14	0.329444
59	15	0.355184
59	16	0.381368
59	17	0.408014
59	18	0.435129
59	19	0.462706
59	20	0.490712
59	21	0.519077
59	22	0.54767
59	23	0.576264
59	24	0.6045
59	25	0.631841
59	26	0.657565
59	27	0.680851
59	28	0.701046
59	29	0.717993
59	30	0.731927
59	31	0.743257
59	32	0.752415
59	33	0.759789
59	34	0.765697
59	35	0.770387
59	36	0.774052
59	37	0.776834
59	38	0.778838
59	39	0.780136
59	40	0.780774
59	41	0.780775
59	42	0.780137
59	43	0.77884
59	44	0.776836
59	45	0.774055
59	46	0.770391
59	47	0.765701
59	48	0.759794
59	49	0.752421
59	50	0.743263
59	51	0.731935
59	52	0.718002
59	53	0.701056
59	54	0.680863
59	55	0.657579
59	56	0.631857
59	57	0.604518
59	58	0.576284
59	59	0.547693
59	60	0.519103
59	61	0.490741
59	62	0.462737
59	63	0.435162
59	64	0.408049
59	65	0.381405
59	66	0.355223
59	67	0.329484
59	68	0.304165
59	69	0.279242
59	70	0.254684
59	71	0.230463
59	72	0.206547
59	73	0.182906
59	74	0.15951
59	75	0.136328
59	76	0.113328
59	77	0.0904801
59	78	0.067754
59	79	0.0451189
59	80	0.0225443
59	81	0
60	0	0
60	1	0.0216435
60	2	0.0433146
60	3	0.0650407
60	4	0.0868493
60	5	0.108767
60	6	0.130822
60	7	0.153041
60	8	0.175449
60	9	0.198074
60	10	0.22094
60	11	0.244072
60	12	0.267494
60	13	0.291226
60	14	0.315287
60	15	0.339691
60	16	0.364447
60	17	0.389554
60	18	0.415001
60	19	0.440756
60	20	0.466761
60	21	0.492919
60	22	0.519079
60	23	0.545016
60	24	0.570411
60	25	0.594844
60	26	0.61781
60	27	0.638791
60	28	0.657391
60	29	0.67346
60	30	0.687078
60	31	0.698463
60	32	0.707891
60	33	0.715633
60	34	0.721935
60	35	0.727002
60	36	0.730999
60	37	0.734056
60	38	0.736269
60	39	0.737708
60	40	0.738417
60	41	0.738418
60	42	0.737709
60	43	0.736271
60	44	0.734058
60	45	0.731002
60	46	0.727006
60	47	0.72194
60	48	0.715639
60	49	0.707897
60	50	0.698471
60	51	0.687087
60	52	0.67347
60	53	0.657402
60	54	0.638804
60	55	0.617825
60	56	0.594862
60	57	0.570431
60	58	0.545038
60	59	0.519103
60	60	0.492946
60	61	0.46679
60	62	0.440788
60	63	0.415035
60	64	0.38959
60	65	0.364484
60	66	0.339729
60	67	0.315326
60	68	0.291266
60	69	0.267534
60	70	0.244113
60	71	0.220979
60	72	0.198112
60	73	0.175485
60	74	0.153074
60	75	0.130853
60	76	0.108794
60	77	0.0868716
60	78	0.0650582
60	79	0.0433267
60	80	0.0216497
60	81	0
61	0	0
61	1	0.0207219
61	2	0.0414685
61	3	0.0622642
61	4	0.0831332
61	5	0.104099
61	6	0.125187
61	7	0.146418
61	8	0.167815
61	9	0.189401
61	10	0.211195
61	11	0.233216
61	12	0.25548
61	13	0.278002
61	14	0.30079
61	15	0.32385
61	16	0.347178
61	17	0.37076
61	18	0.39457
61	19	0.418561
61	20	0.442661
61	21	0.466763
61	22	0.490715
61	23	0.514313
61	24	0.537289
61	25	0.559319
61	26	0.580043
61	27	0.599114
61	28	0.616269
61	29	0.631381
61	30	0.644463
61	31	0.655631
61	32	0.665054
61	33	0.67292
61	34	0.679411
61	35	0.684688
61	36	0.688889
61	37	0.692123
61	38	0.694477
61	39	0.696013
61	40	0.696771
61	41	0.696771
61	42	0.696014
61	43	0.694479
61	44	0.692126
61	45	0.688892
61	46	0.684693
61	47	0.679416
61	48	0.672926
61	49	0.665061
61	50	0.655639
61	51	0.644473
61	52	0.631392
61	53	0.616282
61	54	0.599129
61	55	0.580059
61	56	0.559338
61	57	0.53731
61	58	0.514336
61	59	0.490741
61	60	0.46679
61	61	0.442691
61	62	0.418593
61	63	0.394604
61	64	0.370796
61	65	0.347215
61	66	0.323889
61	67	0.30083
61	68	0.278042
61	69	0.25552
61	70	0.233256
61	71	0.211234
61	72	0.189439
61	73	0.167851
61	74	0.146451
61	75	0.125217
61	76	0.104126
61	77	0.0831552
61	78	0.0622814
61	79	0.0414805
61	80	0.0207281
61	81	0
62	0	0
62	1	0.0197763
62	2	0.0395744
62	3	0.0594158
62	4	0.0793216
62	5	0.0993128
62	6	0.119409
62	7	0.139631
62	8	0.159997
62	9	0.180523
62	10	0.201226
62	11	0.222119
62	12	0.243213
62	13	0.264515
62	14	0.286027
62	15	0.307745
62	16	0.329658
62	17	0.351743
62	18	0.373962
62	19	0.396261
62	20	0.418563
62	21	0.440759
62	22	0.462711
62	23	0.484236
62	24	0.505117
62	25	0.525103
62	26	0.543932
62	27	0.561358
62	28	0.577194
62	29	0.591335
62	30	0.603766
62	31	0.614546
62	32	0.623776
62	33	0.631585
62	34	0.638103
62	35	0.643454
62	36	0.647747
62	37	0.651073
62	38	0.653506
62	39	0.655098
62	40	0.655885
62	41	0.655886
62	42	0.655099
62	43	0.653508
62	44	0.651076
62	45	0.647751
62	46	0.643459
62	47	0.638109
62	48	0.631592
62	49	0.623784
62	50	0.614555
62	51	0.603777
62	52	0.591347
62	53	0.577207
62	54	0.561374
62	55	0.543949
62	56	0.525123
62	57	0.505139
62	58	0.48426
62	59	0.462737
62	60	0.440788
62	61	0.418593
62	62	0.396294
62	63	0.373996
62	64	0.351779
62	65	0.329696
62	66	0.307784
62	67	0.286067
62	68	0.264555
62	69	0.243253
62	70	0.222159
62	71	0.201265
62	72	0.18056
62	73	0.160032
62	74	0.139664
62	75	0.119439
62	76	0.0993386
62	77	0.0793433
62	78	0.0594327
62	79	0.0395862
62	80	0.0197824
62	81	0
63	0	0
63	1	0.0188096
63	2	0.0376381
63	3	0.0565043
63	4	0.0754266
63	5	0.0944226
63	6	0.11351
63	7	0.132704
63	8	0.15202
63	9	0.171472
63	10	0.191071
63	11	0.210826
63	12	0.230742
63	13	0.250822
63	14	0.271062
63	15	0.291451
63	16	0.311972
63	17	0.332595
63	18	0.353278
63	19	0.373964
63	20	0.394573
63	21	0.415006
63	22	0.435136
63	23	0.454808
63	24	0.473844
63	25	0.492049
63	26	0.509227
63	27	0.525196
63	28	0.539816
63	29	0.553002
63	30	0.564726
63	31	0.575012
63	32	0.583924
63	33	0.591544
63	34	0.597966
63	35	0.603281
63	36	0.607575
63	37	0.610921
63	38	0.613377
63	39	0.61499
63	40	0.615789
63	41	0.61579
63	42	0.614992
63	43	0.61338
63	44	0.610924
63	45	0.60758
63	46	0.603287
63	47	0.597972
63	48	0.591552
63	49	0.583933
63	50	0.575022
63	51	0.564737
63	52	0.553015
63	53	0.539831
63	54	0.525212
63	55	0.509245
63	56	0.49207
63	57	0.473866
63	58	0.454832
63	59	0.435162
63	60	0.415035
63	61	0.394604
63	62	0.373996
63	63	0.353312
63	64	0.33263
63	65	0.312009
63	66	0.291489
63	67	0.271101
63	68	0.250862
63	69	0.230782
63	70	0.210865
63	71	0.191109
63	72	0.171508
63	73	0.152055
63	74	0.132736
63	75	0.113538
63	76	0.0944479
63	77	0.0754477
63	78	0.0565209
63	79	0.0376496
63	80	0.0188155
63	81	0
64	0	0
64	1	0.0178244
64	2	0.0356651
64	3	0.0535382
64	4	0.0714594
64	5	0.0894435
64	6	0.107505
64	7	0.125657
64	8	0.143911
64	9	0.162277
64	10	0.180763
64	11	0.199374
64	12	0.218112
64	13	0.236974
64	14	0.255951
64	15	0.275029
64	16	0.294187
64	17	0.31339
64	18	0.332596
64	19	0.351746
64	20	0.370765
64	21	0.389561
64	22	0.408023
64	23	0.426019
64	24	0.443405
64	25	0.460027
64	26	0.475734
64	27	0.490387
64	28	0.503877
64	29	0.516134
64	30	0.527125
64	31	0.536858
64	32	0.545366
64	33	0.552705
64	34	0.558938
64	35	0.564133
64	36	0.568355
64	37	0.57166
64	38	0.574096
64	39	0.575699
64	40	0.576495
64	41	0.576496
64	42	0.575701
64	43	0.574098
64	44	0.571664
64	45	0.56836
64	46	0.564139
64	47	0.558945
64	48	0.552713
64	49	0.545375
64	50	0.536868
64	51	0.527137
64	52	0.516147
64	53	0.503892
64	54	0.490403
64	55	0.475752
64	56	0.460048
64	57	0.443428
64	58	0.426044
64	59	0.408049
64	60	0.38959
64	61	0.370796
64	62	0.351779
64	63	0.33263
64	64	0.313426
64	65	0.294224
64	66	0.275067
64	67	0.255989
64	68	0.237012
64	69	0.218151
64	70	0.199413
64	71	0.1808
64	72	0.162313
64	73	0.143945
64	74	0.125688
64	75	0.107533
64	76	0.0894682
64	77	0.07148
64	78	0.0535543
64	79	0.0356763
64	80	0.0178301
64	81	0
65	0	0
65	1	0.0168234
65	2	0.0336607
65	3	0.0505254
65	4	0.0674308
65	5	0.0843892
65	6	0.101412
65	7	0.11851
65	8	0.135692
65	9	0.152965
65	10	0.170334
65	11	0.1878
65	12	0.205362
65	13	0.223013
65	14	0.240743
65	15	0.258533
65	16	0.27636
65	17	0.294189
65	18	0.311975
65	19	0.329664
65	20	0.347185
65	21	0.364455
65	22	0.381379
65	23	0.397845
65	24	0.413735
65	25	0.428926
65	26	0.443298
65	27	0.456743
65	28	0.469176
65	29	0.480535
65	30	0.490788
65	31	0.499931
65	32	0.507982
65	33	0.514974
65	34	0.520951
65	35	0.525963
65	36	0.530055
65	37	0.533272
65	38	0.53565
65	39	0.53722
65	40	0.538
65	41	0.538
65	42	0.537221
65	43	0.535653
65	44	0.533275
65	45	0.53006
65	46	0.525969
65	47	0.520959
65	48	0.514982
65	49	0.507991
65	50	0.499942
65	51	0.4908
65	52	0.480548
65	53	0.469191
65	54	0.456761
65	55	0.443317
65	56	0.428947
65	57	0.413758
65	58	0.39787
65	59	0.381405
65	60	0.364484
65	61	0.347215
65	62	0.329696
65	63	0.312009
65	64	0.294224
65	65	0.276396
65	66	0.25857
65	67	0.24078
65	68	0.223051
65	69	0.205399
65	70	0.187837
65	71	0.17037
65	72	0.153
65	73	0.135725
65	74	0.118541
65	75	0.10144
65	76	0.0844131
65	77	0.0674508
65	78	0.050541
65	79	0.0336715
65	80	0.016829
65	81	0
66	0	0
66	1	0.015809
66	2	0.0316296
66	3	0.0474733
66	4	0.0633507
66	5	0.0792722
66	6	0.0952468
66	7	0.111283
66	8	0.127386
66	9	0.143561
66	10	0.159811
66	11	0.176134
66	12	0.192525
66	13	0.208978
66	14	0.225478
66	15	0.242005
66	16	0.258535
66	17	0.275033
66	18	0.291456
66	19	0.307753
66	20	0.323859
66	21	0.339701
66	22	0.355196
66	23	0.370251
66	24	0.384768
66	25	0.398647
66	26	0.411792
66	27	0.424117
66	28	0.435552
66	29	0.446045
66	30	0.455564
66	31	0.4641
66	32	0.471659
66	33	0.478261
66	34	0.483935
66	35	0.488714
66	36	0.492633
66	37	0.495725
66	38	0.498017
66	39	0.499533
66	40	0.500287
66	41	0.500287
66	42	0.499534
66	43	0.49802
66	44	0.495729
66	45	0.492638
66	46	0.48872
66	47	0.483942
66	48	0.47827
66	49	0.471669
66	50	0.464111
66	51	0.455577
66	52	0.446059
66	53	0.435568
66	54	0.424135
66	55	0.411811
66	56	0.398668
66	57	0.38479
66	58	0.370276
66	59	0.355223
66	60	0.339729
66	61	0.323889
66	62	0.307784
66	63	0.291489
66	64	0.275067
66	65	0.25857
66	66	0.242042
66	67	0.225514
66	68	0.209015
66	69	0.192562
66	70	0.17617
66	71	0.159846
66	72	0.143595
66	73	0.127417
66	74	0.111312
66	75	0.0952731
66	76	0.0792952
66	77	0.06337
66	78	0.0474883
66	79	0.0316401
66	80	0.0158144
66	81	0
67	0	0
67	1	0.0147834
67	2	0.0295765
67	3	0.0443886
67	4	0.0592283
67	5	0.0741038
67	6	0.0890223
67	7	0.10399
67	8	0.11901
67	9	0.134086
67	10	0.149217
67	11	0.164401
67	12	0.179632
67	13	0.194899
67	14	0.210188
67	15	0.225479
67	16	0.240746
67	17	0.255956
67	18	0.271069
67	19	0.286036
67	20	0.300801
67	21	0.315299
67	22	0.329458
67	23	0.343199
67	24	0.356442
67	25	0.369105
67	26	0.38111
67	27	0.392386
67	28	0.402874
67	29	0.412531
67	30	0.421328
67	31	0.42925
67	32	0.436297
67	33	0.44248
67	34	0.447816
67	35	0.452329
67	36	0.456043
67	37	0.458981
67	38	0.461165
67	39	0.46261
67	40	0.463331
67	41	0.463331
67	42	0.462612
67	43	0.461167
67	44	0.458985
67	45	0.456048
67	46	0.452335
67	47	0.447824
67	48	0.442488
67	49	0.436307
67	50	0.429261
67	51	0.42134
67	52	0.412546
67	53	0.40289
67	54	0.392403
67	55	0.381129
67	56	0.369126
67	57	0.356465
67	58	0.343224
67	59	0.329484
67	60	0.315326
67	61	0.30083
67	62	0.286067
67	63	0.271101
67	64	0.255989
67	65	0.24078
67	66	0.225514
67	67	0.210224
67	68	0.194935
67	69	0.179667
67	70	0.164436
67	71	0.149251
67	72	0.134118
67	73	0.11904
67	74	0.104018
67	75	0.0890475
67	76	0.0741259
67	77	0.0592467
67	78	0.044403
67	79	0.0295865
67	80	0.0147886
67	81	0
68	0	0
68	1	0.0137488
68	2	0.0275054
68	3	0.0412773
68	4	0.0550715
68	5	0.0688943
68	6	0.082751
68	7	0.0966458
68	8	0.110581
68	9	0.124558
68	10	0.138574
68	11	0.152626
68	12	0.166706
68	13	0.180802
68	14	0.194901
68	15	0.208981
68	16	0.223018
68	17	0.23698
68	18	0.250831
68	19	0.264525
68	20	0.278014
68	21	0.291239
68	22	0.30414
68	23	0.31665
68	24	0.328701
68	25	0.340226
68	26	0.35116
68	27	0.361445
68	28	0.371032
68	29	0.379882
68	30	0.387969
68	31	0.395278
68	32	0.401803
68	33	0.407549
68	34	0.412525
68	35	0.416747
68	36	0.420232
68	37	0.422995
68	38	0.425053
68	39	0.426417
68	40	0.427098
68	41	0.427098
68	42	0.426419
68	43	0.425055
68	44	0.422999
68	45	0.420236
68	46	0.416753
68	47	0.412532
68	48	0.407557
68	49	0.401813
68	50	0.395289
68	51	0.387982
68	52	0.379896
68	53	0.371048
68	54	0.361462
68	55	0.351179
68	56	0.340246
68	57	0.328723
68	58	0.316674
68	59	0.304165
68	60	0.291266
68	61	0.278042
68	62	0.264555
68	63	0.250862
68	64	0.237012
68	65	0.223051
68	66	0.209015
68	67	0.194935
68	68	0.180836
68	69	0.166739
68	70	0.152659
68	71	0.138606
68	72	0.124589
68	73	0.11061
68	74	0.0966725
68	75	0.0827751
68	76	0.0689153
68	77	0.055089
68	78	0.041291
68	79	0.0275148
68	80	0.0137537
68	81	0
69	0	0
69	1	0.0127067
69	2	0.0254197
69	3	0.0381448
69	4	0.0508875
69	5	0.0636525
69	6	0.0764437
69	7	0.0892637
69	8	0.102114
69	9	0.114993
69	10	0.127899
69	11	0.140825
69	12	0.153765
69	13	0.166707
69	14	0.179635
69	15	0.19253
69	16	0.205368
69	17	0.21812
69	18	0.230752
69	19	0.243225
69	20	0.255493
69	21	0.267509
69	22	0.279217
69	23	0.290564
69	24	0.301491
69	25	0.311942
69	26	0.321863
69	27	0.331206
69	28	0.33993
69	29	0.348001
69	30	0.355393
69	31	0.362093
69	32	0.368092
69	33	0.37339
69	34	0.377992
69	35	0.381906
69	36	0.385144
69	37	0.387718
69	38	0.389637
69	39	0.390912
69	40	0.391548
69	41	0.391548
69	42	0.390913
69	43	0.38964
69	44	0.387722
69	45	0.385149
69	46	0.381912
69	47	0.377999
69	48	0.373398
69	49	0.368102
69	50	0.362104
69	51	0.355406
69	52	0.348014
69	53	0.339945
69	54	0.331223
69	55	0.321881
69	56	0.311961
69	57	0.301512
69	58	0.290587
69	59	0.279242
69	60	0.267534
69	61	0.25552
69	62	0.243253
69	63	0.230782
69	64	0.218151
69	65	0.205399
69	66	0.192562
69	67	0.179667
69	68	0.166739
69	69	0.153797
69	70	0.140857
69	71	0.127929
69	72	0.115022
69	73	0.102141
69	74	0.0892889
69	75	0.0764664
69	76	0.0636723
69	77	0.050904
69	78	0.0381577
69	79	0.0254286
69	80	0.0127113
69	81	0
70	0	0
70	1	0.0116588
70	2	0.0233226
70	3	0.0349957
70	4	0.0466824
70	5	0.0583861
70	6	0.0701094
70	7	0.0818537
70	8	0.093619
70	9	0.105404
70	10	0.117204
70	11	0.129015
70	12	0.140827
70	13	0.152629
70	14	0.164406
70	15	0.176139
70	16	0.187808
70	17	0.199384
70	18	0.210837
70	19	0.222132
70	20	0.23323
70	21	0.244088
70	22	0.254661
70	23	0.264901
70	24	0.27476
70	25	0.28419
70	26	0.293147
70	27	0.301591
70	28	0.309485
70	29	0.3168
70	30	0.323514
70	31	0.329612
70	32	0.335085
70	33	0.339931
70	34	0.344149
70	35	0.347745
70	36	0.350726
70	37	0.353098
70	38	0.35487
70	39	0.356048
70	40	0.356636
70	41	0.356636
70	42	0.35605
70	43	0.354873
70	44	0.353102
70	45	0.35073
70	46	0.347751
70	47	0.344156
70	48	0.339939
70	49	0.335095
70	50	0.329623
70	51	0.323526
70	52	0.316813
70	53	0.309499
70	54	0.301607
70	55	0.293165
70	56	0.284209
70	57	0.27478
70	58	0.264923
70	59	0.254684
70	60	0.244113
70	61	0.233256
70	62	0.222159
70	63	0.210865
70	64	0.199413
70	65	0.187837
70	66	0.17617
70	67	0.164436
70	68	0.152659
70	69	0.140857
70	70	0.129044
70	71	0.117233
70	72	0.105431
70	73	0.0936446
70	74	0.0818773
70	75	0.0701306
70	76	0.0584047
70	77	0.0466979
70	78	0.0350078
70	79	0.0233309
70	80	0.0116632
70	81	0
71	0	0
71	1	0.0106065
71	2	0.0212167
71	3	0.0318341
71	4	0.0424616
71	5	0.0531017
71	6	0.0637558
71	7	0.0744245
71	8	0.0851071
71	9	0.0958012
71	10	0.106503
71	11	0.117205
71	12	0.127901
71	13	0.138578
71	14	0.149223
71	15	0.159818
71	16	0.170343
71	17	0.180773
71	18	0.191083
71	19	0.201239
71	20	0.21121
71	21	0.220956
71	22	0.230441
71	23	0.239622
71	24	0.24846
71	25	0.256915
71	26	0.26495
71	27	0.272528
71	28	0.279621
71	29	0.286203
71	30	0.292254
71	31	0.29776
71	32	0.30271
71	33	0.307101
71	34	0.310931
71	35	0.314202
71	36	0.316918
71	37	0.319082
71	38	0.320701
71	39	0.321777
71	40	0.322315
71	41	0.322315
71	42	0.321779
71	43	0.320703
71	44	0.319086
71	45	0.316922
71	46	0.314208
71	47	0.310938
71	48	0.307109
71	49	0.302719
71	50	0.29777
71	51	0.292265
71	52	0.286216
71	53	0.279635
71	54	0.272543
71	55	0.264966
71	56	0.256933
71	57	0.24848
71	58	0.239643
71	59	0.230463
71	60	0.220979
71	61	0.211234
71	62	0.201265
71	63	0.191109
71	64	0.1808
71	65	0.17037
71	66	0.159846
71	67	0.149251
71	68	0.138606
71	69	0.127929
71	70	0.117233
71	71	0.106529
71	72	0.0958264
71	73	0.0851308
71	74	0.0744464
71	75	0.0637755
71	76	0.0531188
71	77	0.042476
71	78	0.0318453
71	79	0.0212245
71	80	0.0106105
71	81	0
72	0	0
72	1	0.00955081
72	2	0.0191044
72	3	0.0286632
72	4	0.0382294
72	5	0.0478044
72	6	0.0573891
72	7	0.0669833
72	8	0.0765857
72	9	0.0861934
72	10	0.0958022
72	11	0.105406
72	12	0.114996
72	13	0.124563
72	14	0.134092
72	15	0.143569
72	16	0.152975
72	17	0.162288
72	18	0.171484
72	19	0.180537
72	20	0.189416
72	21	0.198091
72	22	0.206527
72	23	0.21469
72	24	0.222548
72	25	0.230065
72	26	0.23721
72	27	0.243955
72	28	0.250272
72	29	0.256141
72	30	0.261543
72	31	0.266465
72	32	0.270898
72	33	0.274836
72	34	0.278276
72	35	0.281218
72	36	0.283664
72	37	0.285615
72	38	0.287076
72	39	0.288048
72	40	0.288534
72	41	0.288535
72	42	0.28805
72	43	0.287078
72	44	0.285619
72	45	0.283668
72	46	0.281223
72	47	0.278282
72	48	0.274843
72	49	0.270906
72	50	0.266475
72	51	0.261554
72	52	0.256152
72	53	0.250285
72	54	0.243969
72	55	0.237226
72	56	0.230081
72	57	0.222565
72	58	0.214709
72	59	0.206547
72	60	0.198112
72	61	0.189439
72	62	0.18056
72	63	0.171508
72	64	0.162313
72	65	0.153
72	66	0.143595
72	67	0.134118
72	68	0.124589
72	69	0.115022
72	70	0.105431
72	71	0.0958264
72	72	0.0862165
72	73	0.0766074
72	74	0.0670034
72	75	0.0574072
72	76	0.0478202
72	77	0.0382425
72	78	0.0286735
72	79	0.0191115
72	80	0.00955448
72	81	0
73	0	0
73	1	0.0084927
73	2	0.0169874
73	3	0.0254858
73	4	0.0339893
73	5	0.0424988
73	6	0.0510145
73	7	0.0595356
73	8	0.0680606
73	9	0.0765865
73	10	0.0851089
73	11	0.0936219
73	12	0.102118
73	13	0.110587
73	14	0.119017
73	15	0.127394
73	16	0.135702
73	17	0.143922
73	18	0.152033
73	19	0.160011
73	20	0.167831
73	21	0.175466
73	22	0.182888
73	23	0.190068
73	24	0.196978
73	25	0.203589
73	26	0.209875
73	27	0.215811
73	28	0.221375
73	29	0.226548
73	30	0.231315
73	31	0.235663
73	32	0.239584
73	33	0.243071
73	34	0.246121
73	35	0.248733
73	36	0.250906
73	37	0.252642
73	38	0.253943
73	39	0.254808
73	40	0.255241
73	41	0.255242
73	42	0.25481
73	43	0.253945
73	44	0.252645
73	45	0.25091
73	46	0.248738
73	47	0.246127
73	48	0.243078
73	49	0.239591
73	50	0.235672
73	51	0.231324
73	52	0.226559
73	53	0.221386
73	54	0.215824
73	55	0.209889
73	56	0.203604
73	57	0.196994
73	58	0.190086
73	59	0.182906
73	60	0.175485
73	61	0.167851
73	62	0.160032
73	63	0.152055
73	64	0.143945
73	65	0.135725
73	66	0.127417
73	67	0.11904
73	68	0.11061
73	69	0.102141
73	70	0.0936446
73	71	0.0851308
73	72	0.0766074
73	73	0.0680803
73	74	0.0595537
73	75	0.0510307
73	76	0.042513
73	77	0.0340012
73	78	0.0254951
73	79	0.0169938
73	80	0.00849601
73	81	0
74	0	0
74	1	0.00743292
74	2	0.0148672
74	3	0.022304
74	4	0.0297442
74	5	0.0371881
74	6	0.0446355
74	7	0.0520856
74	8	0.0595363
74	9	0.0669848
74	10	0.0744269
74	11	0.0818571
74	12	0.0892683
74	13	0.0966516
74	14	0.103997
74	15	0.111291
74	16	0.11852
74	17	0.125668
74	18	0.132716
74	19	0.139645
74	20	0.146433
74	21	0.153057
74	22	0.159494
74	23	0.165719
74	24	0.17171
74	25	0.177441
74	26	0.182892
74	27	0.188041
74	28	0.192871
74	29	0.197364
74	30	0.201507
74	31	0.205291
74	32	0.208705
74	33	0.211746
74	34	0.214407
74	35	0.216689
74	36	0.218589
74	37	0.220108
74	38	0.221246
74	39	0.222004
74	40	0.222383
74	41	0.222384
74	42	0.222005
74	43	0.221248
74	44	0.22011
74	45	0.218592
74	46	0.216693
74	47	0.214412
74	48	0.211752
74	49	0.208712
74	50	0.205299
74	51	0.201516
74	52	0.197374
74	53	0.192881
74	54	0.188053
74	55	0.182905
74	56	0.177455
74	57	0.171724
74	58	0.165735
74	59	0.15951
74	60	0.153074
74	61	0.146451
74	62	0.139664
74	63	0.132736
74	64	0.125688
74	65	0.118541
74	66	0.111312
74	67	0.104018
74	68	0.0966725
74	69	0.0892889
74	70	0.0818773
74	71	0.0744464
74	72	0.0670034
74	73	0.0595537
74	74	0.0521016
74	75	0.04465
74	76	0.0372007
74	77	0.0297547
74	78	0.0223122
74	79	0.0148729
74	80	0.00743585
74	81	0
75	0	0
75	1	0.00637203
75	2	0.012745
75	3	0.0191195
75	4	0.0254961
75	5	0.0318748
75	6	0.0382552
75	7	0.0446361
75	8	0.0510156
75	9	0.0573911
75	10	0.0637586
75	11	0.0701132
75	12	0.0764485
75	13	0.0827569
75	14	0.0890293
75	15	0.095255
75	16	0.101422
75	17	0.107516
75	18	0.113521
75	19	0.119422
75	20	0.125201
75	21	0.130837
75	22	0.136313
75	23	0.141608
75	24	0.146702
75	25	0.151577
75	26	0.156213
75	27	0.160594
75	28	0.164705
75	29	0.168532
75	30	0.172063
75	31	0.17529
75	32	0.178204
75	33	0.180801
75	34	0.183076
75	35	0.185028
75	36	0.186655
75	37	0.187956
75	38	0.188931
75	39	0.189581
75	40	0.189907
75	41	0.189907
75	42	0.189582
75	43	0.188933
75	44	0.187958
75	45	0.186658
75	46	0.185032
75	47	0.183081
75	48	0.180806
75	49	0.17821
75	50	0.175296
75	51	0.172071
75	52	0.16854
75	53	0.164714
75	54	0.160604
75	55	0.156224
75	56	0.151589
75	57	0.146715
75	58	0.141622
75	59	0.136328
75	60	0.130853
75	61	0.125217
75	62	0.119439
75	63	0.113538
75	64	0.107533
75	65	0.10144
75	66	0.0952731
75	67	0.0890475
75	68	0.0827751
75	69	0.0764664
75	70	0.0701306
75	71	0.0637755
75	72	0.0574072
75	73	0.0510307
75	74	0.04465
75	75	0.0382677
75	76	0.0318857
75	77	0.0255052
75	78	0.0191266
75	79	0.0127499
75	80	0.00637457
75	81	0
76	0	0
76	1	0.00531047
76	2	0.0106215
76	3	0.0159335
76	4	0.0212466
76	5	0.0265607
76	6	0.0318752
76	7	0.037189
76	8	0.0425003
76	9	0.0478066
76	10	0.0531046
76	11	0.05839
76	12	0.0636573
76	13	0.0689
76	14	0.0741105
76	15	0.0792799
76	16	0.084398
76	17	0.0894534
76	18	0.0944334
76	19	0.0993246
76	20	0.104112
76	21	0.108781
76	22	0.113316
76	23	0.117699
76	24	0.121917
76	25	0.125952
76	26	0.129791
76	27	0.13342
76	28	0.136825
76	29	0.139997
76	30	0.142925
76	31	0.145603
76	32	0.148022
76	33	0.150179
76	34	0.152071
76	35	0.153694
76	36	0.155048
76	37	0.156131
76	38	0.156944
76	39	0.157486
76	40	0.157757
76	41	0.157757
76	42	0.157486
76	43	0.156945
76	44	0.156133
76	45	0.155051
76	46	0.153698
76	47	0.152075
76	48	0.150184
76	49	0.148027
76	50	0.145608
76	51	0.142932
76	52	0.140004
76	53	0.136833
76	54	0.133428
76	55	0.129801
76	56	0.125963
76	57	0.121928
76	58	0.117711
76	59	0.113328
76	60	0.108794
76	61	0.104126
76	62	0.0993386
76	63	0.0944479
76	64	0.0894682
76	65	0.0844131
76	66	0.0792952
76	67	0.0741259
76	68	0.0689153
76	69	0.0636723
76	70	0.0584047
76	71	0.0531188
76	72	0.0478202
76	73	0.042513
76	74	0.0372007
76	75	0.0318857
76	76	0.0265699
76	77	0.0212543
76	78	0.0159395
76	79	0.0106256
76	80	0.00531261
76	81	0
77	0	0
77	1	0.00424855
77	2	0.00849742
77	3	0.0127468
77	4	0.0169967
77	5	0.0212469
77	6	0.0254967
77	7	0.0297453
77	8	0.0339909
77	9	0.0382316
77	10	0.0424645
77	11	0.0466861
77	12	0.0508919
77	13	0.0550767
77	14	0.0592344
77	15	0.0633577
77	16	0.0674386
77	17	0.071468
77	18	0.0754361
77	19	0.079332
77	20	0.0831443
77	21	0.0868612
77	22	0.0904702
77	23	0.093959
77	24	0.0973151
77	25	0.100526
77	26	0.103582
77	27	0.10647
77	28	0.109181
77	29	0.111708
77	30	0.114041
77	31	0.116175
77	32	0.118104
77	33	0.119826
77	34	0.121335
77	35	0.122632
77	36	0.123713
77	37	0.124579
77	38	0.125229
77	39	0.125662
77	40	0.125879
77	41	0.125879
77	42	0.125663
77	43	0.12523
77	44	0.124581
77	45	0.123716
77	46	0.122634
77	47	0.121339
77	48	0.119829
77	49	0.118109
77	50	0.11618
77	51	0.114046
77	52	0.111713
77	53	0.109188
77	54	0.106477
77	55	0.103589
77	56	0.100535
77	57	0.0973238
77	58	0.0939683
77	59	0.0904801
77	60	0.0868716
77	61	0.0831552
77	62	0.0793433
77	63	0.0754477
77	64	0.07148
77	65	0.0674508
77	66	0.06337
77	67	0.0592467
77	68	0.055089
77	69	0.050904
77	70	0.0466979
77	71	0.042476
77	72	0.0382425
77	73	0.0340012
77	74	0.0297547
77	75	0.0255052
77	76	0.0212543
77	77	0.0170029
77	78	0.0127516
77	79	0.00850075
77	80	0.00425027
77	81	0
78	0	0
78	1	0.00318646
78	2	0.00637308
78	3	0.00955994
78	4	0.012747
78	5	0.0159339
78	6	0.0191202
78	7	0.0223051
78	8	0.0254874
78	9	0.0286653
78	10	0.0318367
78	11	0.0349989
78	12	0.0381485
78	13	0.0412817
78	14	0.0443936
78	15	0.047479
78	16	0.0505318
78	17	0.0535453
78	18	0.0565121
78	19	0.0594242
78	20	0.0622732
78	21	0.0650503
78	22	0.0677465
78	23	0.0703525
78	24	0.0728593
78	25	0.075258
78	26	0.0775403
78	27	0.0796981
78	28	0.0817242
78	29	0.0836123
78	30	0.0853567
78	31	0.0869526
78	32	0.0883962
78	33	0.0896843
78	34	0.0908147
78	35	0.0917856
78	36	0.0925958
78	37	0.0932446
78	38	0.0937315
78	39	0.0940562
78	40	0.0942187
78	41	0.0942189
78	42	0.0940568
78	43	0.0937324
78	44	0.0932458
78	45	0.0925974
78	46	0.0917876
78	47	0.0908171
78	48	0.0896871
78	49	0.0883994
78	50	0.0869562
78	51	0.0853607
78	52	0.0836168
78	53	0.0817291
78	54	0.0797034
78	55	0.077546
78	56	0.0752643
78	57	0.072866
78	58	0.0703596
78	59	0.067754
78	60	0.0650582
78	61	0.0622814
78	62	0.0594327
78	63	0.0565209
78	64	0.0535543
78	65	0.050541
78	66	0.0474883
78	67	0.044403
78	68	0.041291
78	69	0.0381577
78	70	0.0350078
78	71	0.0318453
78	72	0.0286735
78	73	0.0254951
78	74	0.0223122
78	75	0.0191266
78	76	0.0159395
78	77	0.0127516
78	78	0.00956356
78	79	0.00637559
78	80	0.00318775
78	81	0
79	0	0
79	1	0.00212431
79	2	0.0042487
79	3	0.00637317
79	4	0.00849764
79	5	0.0106219
79	6	0.0127456
79	7	0.0148681
79	8	0.0169886
79	9	0.019106
79	10	0.0212187
79	11	0.023325
79	12	0.0254225
79	13	0.0275086
79	14	0.0295803
79	15	0.0316338
79	16	0.0336653
79	17	0.0356702
79	18	0.0376437
79	19	0.0395805
79	20	0.041475
79	21	0.0433214
79	22	0.0451138
79	23	0.0468462
79	24	0.0485126
79	25	0.0501071
79	26	0.0516243
79	27	0.0530588
79	28	0.0544061
79	29	0.0556617
79	30	0.056822
79	31	0.0578837
79	32	0.0588444
79	33	0.0597018
79	34	0.0604544
79	35	0.0611009
79	36	0.0616406
79	37	0.0620728
79	38	0.0623972
79	39	0.0626136
79	40	0.0627219
79	41	0.062722
79	42	0.062614
79	43	0.0623978
79	44	0.0620737
79	45	0.0616417
79	46	0.0611023
79	47	0.060456
79	48	0.0597037
79	49	0.0588465
79	50	0.0578861
79	51	0.0568247
79	52	0.0556647
79	53	0.0544094
79	54	0.0530624
79	55	0.0516282
79	56	0.0501113
79	57	0.048517
79	58	0.046851
79	59	0.0451189
79	60	0.0433267
79	61	0.0414805
79	62	0.0395862
79	63	0.0376496
79	64	0.0356763
79	65	0.0336715
79	66	0.0316401
79	67	0.0295865
79	68	0.0275148
79	69	0.0254286
79	70	0.0233309
79	71	0.0212245
79	72	0.0191115
79	73	0.0169938
79	74	0.0148729
79	75	0.0127499
79	76	0.0106256
79	77	0.00850075
79	78	0.00637559
79	79	0.00425037
79	80	0.00212517
79	81	0
80	0	0
80	1	0.00106215
80	2	0.00212434
80	3	0.00318654
80	4	0.00424872
80	5	0.00531075
80	6	0.00637244
80	7	0.00743347
80	8	0.00849343
80	9	0.00955173
80	10	0.0106076
80	11	0.0116602
80	12	0.0127083
80	13	0.0137506
80	14	0.0147855
80	15	0.0158113
80	16	0.0168259
80	17	0.0178271
80	18	0.0188125
80	19	0.0197795
80	20	0.0207254
80	21	0.0216471
80	22	0.0225418
80	23	0.0234065
80	24	0.0242383
80	25	0.0250342
80	26	0.0257914
80	27	0.0265075
80	28	0.0271801
80	29	0.027807
80	30	0.0283863
80	31	0.0289165
80	32	0.0293963
80	33	0.0298246
80	34	0.0302006
80	35	0.0305237
80	36	0.0307934
80	37	0.0310094
80	38	0.0311715
80	39	0.0312797
80	40	0.0313338
80	41	0.0313339
80	42	0.0312799
80	43	0.0311718
80	44	0.0310098
80	45	0.0307939
80	46	0.0305244
80	47	0.0302014
80	48	0.0298256
80	49	0.0293974
80	50	0.0289178
80	51	0.0283877
80	52	0.0278085
80	53	0.0271818
80	54	0.0265093
80	55	0.0257934
80	56	0.0250363
80	57	0.0242405
80	58	0.0234089
80	59	0.0225443
80	60	0.0216497
80	61	0.0207281
80	62	0.0197824
80	63	0.0188155
80	64	0.0178301
80	65	0.016829
80	66	0.0158144
80	67	0.0147886
80	68	0.0137537
80	69	0.0127113
80	70	0.0116632
80	71	0.0106105
80	72	0.00955448
80	73	0.00849601
80	74	0.00743585
80	75	0.00637457
80	76	0.00531261
80	77	0.00425027
80	78	0.00318775
80	79	0.00212517
80	80	0.00106259
80	81	0
81	0	0
81	1	0
81	2	0
81	3	0
81	4	0
81	5	0
81	6	0
81	7	0
81	8	0
81	9	0
81	10	0
81	11	0
81	12	0
81	13	0
81	14	0
81	15	0
81	16	0
81	17	0
81	18	0
81	19	0
81	20	0
81	21	0
81	22	0
81	23	0
81	24	0
81	25	0
81	26	0
81	27	0
81	28	0
81	29	0
81	30	0
81	31	0
81	32	0
81	33	0
81	34	0
81	35	0
81	36	0
81	37	0
81	38	0
81	39	0
81	40	0
81	41	0
81	42	0
81	43	0
81	44	0
81	45	0
81	46	0
81	47	0
81	48	0
81	49	0
81	50	0
81	51	0
81	52	0
81	53	0
81	54	0
81	55	0
81	56	0
81	57	0
81	58	0
81	59	0
81	60	0
81	61	0
81	62	0
81	63	0
81	64	0
81	65	0
81	66	0
81	67	0
81	68	0
81	69	0
81	70	0
81	71	0
81	72	0
81	73	0
81	74	0
81	75	0
81	76	0
81	77	0
81	78	0
81	79	0
81	80	0
81	81	0
